Header: 0
Map Number: 1
Object Count: 2870
Type,PositionX,PositionY,PositionZ,AngleX,AngleY,AngleZ,Scale
30,13.97105,6.825578,0.4423023,0,0,-60,0.9400001
30,7.849893,6.430034,-0.2085517,0,0,150,1
33,9.5,7.5,0.7948616,-25,0,-30,1
33,15,7.5,1.212334,-25,0,-30,1
0,4.046356,14.98201,2.050257,0,0,0,1
24,14.43087,7.697476,1.632845,0,0,0,1
24,13.08736,5.316862,0.6764935,0,0,120,0.7000003
24,9.632434,7.077857,1.36182,0,0,120,1
33,14.82588,15.01894,1.56105,-365,0,1560,1
32,14.5,15.5,1.607713,-365,0,1500,1
0,3.426851,27.35475,2.348598,0,0,0,1
1,3.5,23.5,2.241425,0,0,570,1
41,6.886664,30.39181,1.466971,-45,0,1530,0.7400002
33,12.05151,30.60702,1.032616,-45,0,1530,1
33,7,31,2.092238,0,0,1530,1
0,3.860868,17.8433,2.242295,0,0,90,1
21,6.269629,29.01292,3.575073,-60,0,-150,1
21,7.469024,23.63986,3.244421,-60,0,-60,1
21,5.931678,17.47761,3.277881,-60,0,-60,1
24,10,28.5,1.808828,-340,0,1890,1
24,7.5,25,1.934654,-340,0,1890,1
24,6,17,1.858941,-340,0,1890,1
24,5.5,22,2.199295,-340,0,1890,1
22,5,28.5,2.495182,-380,0,1590,1
22,6,28.5,2.208392,-380,0,1590,1
21,6.88164,26.241,5.242556,-410,0,1650,1
21,7.193276,31.61792,3.62176,25,0,480,1
33,10.5,29.5,1.759797,355,0,1530,1
21,15.61474,31.82318,2.4,200,0,420,1
24,9.481518,16.4853,2.14887,0,0,120,1
23,14.86549,27.5183,0.7020174,-365,0,1500,1
0,3.5,32,2.398817,0,0,0,1
33,7.5,45.5,2.054013,0,0,570,1
33,6.5,36.5,2.01089,0,0,750,1
32,3.5,44,2.408292,0,0,750,1.739999
32,4,38,2.196832,0,0,810,1.979999
32,4,36,2.239619,35,0,750,1.38
32,2.5,37.5,2.332497,35,0,750,1
32,3,47.5,2.523097,35,0,750,1
32,4.243551,43.71046,4.889112,35,0,780,1.559999
32,4.700819,38.70681,5.310476,35,0,450,1
32,4,34,2.292145,35,0,450,3.279998
32,2.5,33.5,2.394662,60,0,780,2.199999
32,1,36,2.452877,-5,0,60,1.559999
32,1,33,2.472684,-5,0,-30,1
32,12.22787,36.29694,0.8962117,-5,0,-360,0.9200001
31,11.66286,37.03504,0.924234,-5,0,-240,1
31,2.298856,46.44759,1.793411,-5,0,-240,1
31,4.224508,40.21833,6.130251,35,0,120,1
30,4.654581,36.0443,6.500196,35,0,120,1
30,0.3172508,37.30915,6.774902,10,0,480,1
30,3.672881,35.445,4.204562,35,0,480,1
33,5,33.5,2.268442,35,0,480,1
33,5.5,44,2.327822,35,0,480,1
33,11.5,42,1.748975,35,0,480,1
33,12.5,37.5,1.701316,10,0,810,1
33,5.5,38.5,2.160633,35,0,750,1
33,4,43,2.515673,35,0,840,1
41,6.885763,43.52351,1.070892,-20,0,1800,1
33,7.507486,42.10589,1.270907,-45,0,1530,1
33,7.034139,42.3642,1.314731,-45,0,1530,1
33,12.5,45,1.726628,0,0,1530,1
33,7.5,43,2.015101,0,0,1530,1
33,6,34.5,2.089641,0,0,1530,1
21,7.232887,42.76711,3.316641,-305,0,1140,1
21,6.664753,42.32623,3.243479,-305,0,1140,1
21,7.42591,43.05814,3.347896,-305,0,1140,1
21,6.161145,35.4329,3.471536,-305,0,1140,1
21,5.252687,32.62971,3.588468,-305,0,1140,1
20,5.987676,32.806,3.519469,-305,0,1140,1
20,5.546542,34.94116,3.676772,-305,0,1140,1
24,4.662323,34.627,4.843959,-445,0,1710,0.9000001
24,4.907865,34.85522,2.6927,-340,0,1890,1
24,7.922876,43.25377,2.104518,-340,0,1890,1
24,5.28041,37.28808,2.514817,-340,0,1890,1
25,12.5,36.5,1.783228,-340,0,2190,1
25,13,44.5,1.731032,-340,0,2190,1
22,5.5,35.5,2.141524,-380,0,1590,1
21,11.56609,44.02569,3.39738,-315,0,2220,1
21,5.578609,37.02296,3.84571,-285,0,2220,1
21,6.857724,33.78143,5.261479,-410,0,1650,1
21,6.593754,41.4411,4.878923,-410,0,1650,1
20,6.308711,38.57134,6.2269,-435,0,1350,1
131,5.167709,40.68245,5.959688,-435,0,1350,1
131,12.5,40,1.119717,-435,0,1350,1
132,8,43,1.972217,-435,0,1350,1
132,12.5,44,1.760917,-435,0,1350,1
132,6,35,2.134044,-435,0,1350,1
32,2,45,2.735573,-45,0,1530,1
34,5.306472,36.80725,2.392607,0,0,570,1
131,14.94764,45.15996,-2.111609,-435,0,1350,1.819999
41,11.66514,43.86152,0.9712963,-20,0,1800,0.6600003
131,11.90856,41.34677,0.6722131,-20,0,1800,1
131,8.30328,40.40422,0.6216099,-20,0,1800,1
131,14.8496,45.45013,0.8738466,-20,0,1800,1
51,-1.200526,40.95793,0,-435,0,1350,1
20,14.26721,34.70047,3.238716,0,0,840,1
21,14.23,33.17184,3.527725,25,0,720,1
21,9.238036,45.74475,4.637013,25,0,480,1
20,6.196932,46.82017,4.947442,25,0,480,1
20,6.801098,47.48893,4.87861,25,0,480,1
33,13.5,43.5,1.698153,355,0,1530,1
59,3,41.5,1.875622,350,0,2310,0.6800003
31,4.578712,39.13622,5.252049,-5,0,-600,1
59,1.812096,41.68916,1.704459,-5,0,-660,1
69,6,40,1.654499,0,0,-1710,1
133,7.5,37.5,1.863062,0,0,-270,1
133,6.5,41.5,1.725657,0,0,-360,1
21,15.87038,47.67104,1.922717,0,0,930,1
21,15.69417,32.41473,2.4,0,0,0,1
21,11.82378,35.96748,-3.812869,0,0,180,1
33,14.5,45.5,1.688127,0,0,420,1
21,14.30895,39.59923,2.687029,-10,0,300,0.5400004
0,2.954977,49.80753,2.539052,0,0,0,1
0,3.528181,55.97241,2.456204,0,0,0,1
0,4.5,62.5,2.515438,0,0,0,1
31,1.345948,48.34842,1.867837,-5,0,-240,1
1,2.5,53,2.530708,5,0,720,0.7400002
22,6,51,2.228679,-380,0,1590,1
22,9,58.5,1.97088,-380,0,1590,1
22,10,62,1.979927,-380,0,1440,1
24,8.815335,52.34609,2.448019,0,0,-90,1
24,13.0059,60.62997,2.243736,0,0,-90,1
20,6.539249,53.72098,4.884192,25,0,480,1
20,7.977257,60.60386,4.838488,25,0,480,1
24,12.89845,54.39624,1.737103,0,0,2250,1
33,7.5,50,2.045423,355,0,1590,1
25,13.58398,54.67275,1.720679,0,0,2250,1
22,13.7542,52.49927,1.703943,-380,0,1440,1
23,10.71177,57.78862,1.855952,0,0,0,1
23,9.271216,55.18363,1.929659,0,0,60,1
23,13.84443,59.33303,1.729667,0,0,-30,1
23,13.42432,58.65477,1.737092,0,0,30,1
21,15.79589,58.77678,1.99817,0,0,930,1
21,13.86554,59.34166,2.047204,0,0,930,1
32,15.17065,48.31041,2.002168,0,0,810,1
0,4,73,2.560709,0,0,0,1
0,3,77,2.351502,0,0,0,1
1,3,67.5,2.765973,0,0,510,1
22,9,65.5,2.161309,-380,0,1590,1
24,9.696751,72.12091,2.558217,0,0,-90,1
24,15,74,1.716683,0,0,750,1
20,4.723854,72.0809,3.859354,60,0,420,1
22,10,80,1.78319,-380,0,1440,1
0,3,83,2.292143,0,0,60,1
0,4,88,2.100289,0,0,120,1
0,4,94,1.873848,0,0,210,1
1,2.5,91.5,2.099722,0,0,390,0.7400002
22,8,91,1.758901,-380,0,1440,1
24,13.05716,80.42474,2.168181,0,0,-90,1
24,10.94304,93.14783,2.145406,0,0,-90,1
24,14,88,1.749619,0,0,840,1
20,5.649728,94.41721,2.957228,60,0,420,1
24,10.5,86,1.73862,-375,0,2280,1
21,4.156796,92.08738,3.357074,20,0,1470,1
24,16,95.5,1.65,0,0,840,1
0,4,110.5,1.746535,-5,0,2070,1
24,13.42921,101.9803,1.534801,0,0,210,1
24,9.405756,101.2485,1.516074,0,0,390,1
24,5.73422,109.9488,1.495471,0,0,390,1
1,3.118216,97.18977,1.891927,0,0,210,1
24,4.760304,98.81293,2.080067,0,0,210,1
25,8,98.5,1.659254,0,0,390,1
24,5,97.5,1.745141,0,0,480,1
20,5.799468,98.72887,2.882848,60,0,420,1
20,5.996305,108.0552,2.694601,60,0,420,1
22,8.837033,97.93091,1.652444,0,0,0,1
24,11.56993,101.7099,2.220227,20,0,1500,1
24,10.86972,101.1986,2.219348,20,0,1590,1
21,11.41844,101.1121,2.872327,20,0,1470,1
21,5.961627,110.6764,2.904351,20,0,1470,1
30,6.121869,115.898,1.849394,-5,0,2070,1
30,4.5,127.5,2.083822,-5,0,2370,1
0,4.5,118,1.65,-5,0,2070,1
22,11.0306,116.9951,1.740991,0,0,0,1
23,12.95808,124.5689,1.65,0,0,0,1
23,7.509249,125.3898,1.715569,0,0,90,1
24,12.18468,115.751,1.568194,0,0,30,1
24,10.77622,113.4006,1.356467,0,0,390,1
24,14.82148,121.3923,1.540975,0,0,390,1
0,4.150239,123.7994,1.957061,-5,0,2010,1
24,10.5,114,1.601181,0,0,840,1.42
24,6.912741,113.568,2.334386,20,0,1500,1
33,15.5,118,1.511394,365,0,2340,1
32,14.60923,118.1922,1.028901,0,0,1140,1
31,4,141.5,1.783304,-5,0,1920,1
0,3.5,137,2.033907,-5,0,2070,1
0,4,130.5,2.377178,-5,0,2010,1
22,8.650387,129.9943,1.745892,0,0,0,1
22,13.81974,136.9688,1.760485,0,0,0,1
24,10.04959,133.3501,1.475666,-5,0,2010,1
24,13.83067,128.4973,1.53133,-5,0,2010,1
6,11.5,134.5,1.65,0,0,1620,0.6400003
57,3.5,143.5,2.003253,0,0,120,1
31,4,150,1.607127,-5,0,2220,1
56,4,147,1.78745,0,0,840,1
0,3,145,2.170755,-5,0,2010,1
58,7.5,149.5,1.539368,-5,0,2010,1
92,8.5,150.5,1.402441,-5,0,2310,1
116,7,148.5,1.616429,-5,0,2190,0.8200002
116,4.5,145,1.719436,0,0,2280,0.8200002
116,5.5,146,1.666163,-5,0,2190,0.7200003
0,2,174.5,2.060949,0,0,2070,1
0,6,171.5,1.687417,0,0,2370,1
0,6.5,175,1.684921,0,0,1830,1
31,6,169.5,1.675276,0,0,1830,1
23,11,169,1.65,0,0,780,1
23,14.5,165,1.65,0,0,780,1
21,11.97464,172.7927,2.555001,0,0,3870,1
9,14.5,166,1.65,0,0,3390,1
33,8.755274,160.9766,1.217909,0,0,750,1
32,11.00164,160.5179,1.419699,0,0,420,0.96
1,2.5,180,2.974779,0,0,1890,1
0,4.5,184.5,2.658686,0,0,2340,1
0,9,181.5,1.780345,0,0,1770,1
0,4.5,189.5,2.759362,0,0,2070,1
0,6.5,179,2.904503,0,0,2310,1
23,14,187.5,1.65,0,0,420,1
21,13.83875,183.5162,2.575324,0,0,3870,1
9,12.12202,184.9707,1.331078,-10,0,3180,1
1,2.5,201,3.367482,0,0,1890,1
0,6,205,1.926413,0,0,1770,1
0,7.5,198,1.688953,0,0,1770,1
0,8,193,1.705465,0,0,2070,1
0,6.5,207.5,1.848082,0,0,2130,1
22,14.5,202.5,1.891167,0,0,420,1
24,10.5,198,1.65,0,0,720,1
25,15,204,1.68906,0,0,840,1
21,13.33233,198.2982,2.855,0,0,3870,1
21,12.86191,194.1411,2.855001,0,0,3930,1
9,12.96701,202.6354,1.853214,-10,0,3180,1
0,6,220,2.251052,0,0,2640,1
1,5.5,217,2.671094,0,0,1890,1
0,4.5,211.5,2.636029,0,0,2250,1
22,10.5,208.5,1.67839,0,0,420,1
22,10,213.5,1.823777,0,0,360,1
24,11,220.5,1.649884,0,0,720,1
21,12.32589,209.921,2.855,0,0,3930,1
21,11.85187,219.92,2.824823,0,0,3930,1
9,9.949828,222.9478,1.301078,-10,0,3180,1
0,6.5,229,1.65,0,0,2370,1
0,6,236.5,1.655322,0,0,2370,1
0,5,224.5,1.68655,0,0,2490,0.8400002
0,5,232.5,1.65,0,0,1770,1
0,4,227,1.856021,0,0,1770,1
0,11.5,239,1.918272,0,0,1770,1
6,12.5,234.5,1.65,0,0,1830,0.6000004
21,11.5,226,1.65,0,0,360,1
21,11.25472,237.3318,3.355055,85,0,420,1
21,10.44407,237.0838,2.627252,85,0,420,1
21,12.99224,236.9426,2.567671,85,0,420,1
22,11,224.5,1.65,0,0,360,1
22,9.5,232.5,1.65,0,0,360,1
22,11.5,235.5,1.65,0,0,360,1
24,7.5,227,1.767658,0,0,720,1
24,15.5,236,1.851368,0,0,720,1
24,9,230.5,1.65,0,0,840,1
26,10.5,232.5,1.65,0,0,840,1
26,7,233,1.689928,0,0,840,1
26,8.5,235,1.902099,0,0,840,1
27,11.5,233,1.65,0,0,840,1
27,11.5,237.5,1.844247,0,0,840,1
21,10.06354,234.015,3.755001,0,0,3930,1
0,15.5,240,2.590229,0,0,1590,1
1,6,240.5,1.65,0,0,1770,1
33,27.5,15,1.65,-25,0,-30,1
33,19.5,11.5,1.65,-25,0,-30,1
41,28.69421,13.93783,-0.619317,-20,0,0,1
24,21.6081,12.92812,2.246373,-380,0,1590,1
24,20.31945,9.252927,1.117335,0,0,120,1
41,19.0308,8.31016,-0.4008539,-15,0,0,0.9200001
24,22.16695,12.71361,2.219549,-375,0,1650,1
60,20.72898,3.60366,0.02499975,0,0,120,1
32,31.5,16,1.526006,-380,0,1950,1
32,29.5,16,1.486012,-365,0,1500,1
22,25.5,25.5,1.65,-380,0,1440,1
24,25,17.5,1.652756,-380,0,1680,1
24,25.5,18.5,1.65,-375,0,1590,1.3
24,19,23,1.898903,-375,0,1590,1.739999
22,17.70138,31.7901,1.65,-380,0,1440,1
24,16.8569,30.78473,2.130003,0,0,120,1
22,25.34496,30.87809,1.60697,-380,0,1440,1
21,31.97121,23.90869,3.113199,-380,0,1680,1
24,19.89293,22.96065,1.821921,-375,0,1470,1.539999
24,25.1633,24.67235,1.98451,-375,0,1650,1
22,18.76831,20.64376,1.647243,-380,0,1440,1
23,19.00933,29.94876,1.859522,0,0,3510,1
24,17.54479,29.43989,1.843419,-340,0,1890,1
24,18.95617,20.22699,1.862063,-375,0,1710,1
33,31.15086,19.55333,1.614938,-365,0,1560,1
33,18.75908,16.74658,1.550648,-365,0,1560,1
32,31.42509,19.57417,0.7973419,-365,0,1500,1
131,16.16602,16.08731,1.577506,-365,0,1440,1
24,21.94486,30.18235,1.691757,0,0,0,1
24,22.26826,18.27102,1.486882,-340,0,1890,1
24,17.64115,16.21058,1.804594,-375,0,1650,1
23,23.30592,30.81183,1.676362,-365,0,1440,1
131,21.52366,18.4483,1.529687,-20,0,1800,1
24,24.5,44,1.753473,-380,0,1590,1
22,24.5,43,1.706913,-380,0,1440,1
131,17.34703,37.70902,0.8415901,-20,0,1800,1
131,16.53729,38.433,0.8415901,-20,0,1800,1
25,19.99417,38.35596,1.650001,-340,0,1890,1
24,19.28232,38.32567,2.129552,0,0,30,1
25,19.15493,39.72527,1.655574,-340,0,1590,1.679999
22,29.69747,40.53809,1.651153,-380,0,1440,1
22,25.38993,33.00077,1.640393,-380,0,1440,1
22,31.11743,33.70221,1.640393,-380,0,1440,1
33,18.0693,47.4491,1.65104,0,0,30,1
33,18.47707,47.40473,1.657156,0,0,300,1
131,16.5,46.5,1.495044,0,0,390,1
21,18,47,1.610446,0,0,750,1
21,16.18879,32.98815,2.4,0,0,180,1
24,31.51988,33.23553,1.843741,0,0,2250,1
24,28.40437,32.79279,1.788586,0,0,0,1
24,26.76683,46.4713,1.924412,0,0,0,0.7800002
23,22.14412,37.72293,1.65,-365,0,1560,1
24,18.477,45.81009,1.599071,0,0,690,1
127,22.59046,39.47319,1.293222,20,0,3870,1
127,31.28821,42.64645,1.602972,5,0,3300,1
127,22.53212,37.52504,1.56219,5,0,3240,1
131,31.88708,40.38437,-0.8846643,-365,0,1440,1
22,26.5,60.5,1.65,-380,0,1440,1
24,21.86356,50.74885,2.179713,0,0,-90,1
24,30.5,60,1.65,5,0,750,1
33,21,50,1.68863,355,0,1530,1
22,29.63946,50.42764,2.002186,-380,0,1440,1
33,21.31714,52.87438,1.714293,0,0,390,1
33,29.09103,53.3313,1.683695,0,0,390,1
131,28,55,1.334245,0,0,390,1
131,18.5,57.5,1.538095,0,0,390,1
24,18,58,1.604032,0,0,390,1
24,28,53.5,1.598882,0,0,510,1
25,19,56.5,1.616433,0,0,750,1
25,27,56.5,1.611544,0,0,750,1
21,28.5,56,1.640834,0,0,750,1
21,18.54263,57.90224,1.853616,0,0,750,1
21,27.56432,54.36176,1.807051,0,0,930,1
21,21.888,50.36296,2.284541,0,0,930,1
21,17.69297,57.92273,1.91868,0,0,930,1
21,29.22924,52.32976,2.079825,0,0,1590,1
7,28.5,55.5,1.526271,-5,0,3120,1
24,30.71871,49.51658,2.19491,0,0,0,1
24,24.01617,49.45757,1.816652,-365,0,1440,1
30,22.5,60,1.65,-5,0,480,1
22,16.5,69,1.697987,-380,0,1440,1
22,17,78,1.65,-380,0,1440,1
24,16.4054,64.80722,1.703919,0,0,2250,1
9,21.26692,65.74403,1.380246,10,0,4500,1
23,20.24864,64.35998,1.719187,0,0,0,1
129,28,77,1.711864,0,0,2850,0.8600001
22,17,88.5,1.65,-380,0,1440,1
24,27,89.5,1.649999,0,0,750,1
20,16.24902,88.9572,2.827725,60,0,420,1
9,26.34348,88.96604,1.301077,0,0,4800,1
9,21.0117,89.70953,1.301077,0,0,4800,1
129,26,93,1.65,0,0,3330,1
57,26,93,1.65,0,0,3180,1
24,23.79451,91.95521,1.64376,0,0,750,1
24,18,105.5,1.65,0,0,570,1
24,21,101.5,1.65,0,0,570,1
24,22.5,111,1.65,0,0,570,1
24,28.5,106.5,1.65,0,0,570,1
20,18.38354,106.6558,2.827725,20,0,420,1
20,24.07694,110.0429,2.827724,20,0,420,1
24,21.75841,109.4699,1.46141,-5,0,2010,1
24,17,105.5,1.657325,-375,0,1650,1.839999
24,21.5,111.5,1.657753,-375,0,1860,2.339999
9,19.21888,99.58088,1.301077,0,0,4800,1
9,24.64979,105.6931,1.301077,0,0,4860,1
24,19,110.5,1.769295,0,0,840,1
131,23.24442,127.3514,2.712788,25,0,2190,1
33,17,119.5,1.65,365,0,2250,1.48
5,19.5,127.5,1.738761,-15,0,2370,1
5,16.5,126.5,1.778873,-15,0,2370,1
20,27.74848,117.7342,2.895179,20,0,420,1
23,19.80623,127.3733,1.712439,0,0,90,1
22,17.35592,126.11,1.779027,0,0,90,1
24,18.41451,123.8595,1.873173,0,0,90,1
24,25.38377,119.6153,1.701946,0,0,30,1
24,30.35309,126.2437,1.778677,0,0,30,1
24,20.5,127.5,1.53847,-375,0,1920,1.699999
24,19,126.5,1.772582,-375,0,1980,1
9,29.64231,116.5613,1.469251,0,0,4860,1
21,19.0525,125.72,3.048651,20,0,1470,1
33,22,117,1.579826,365,0,2250,1
33,20.5,114.5,1.664469,365,0,2430,1
33,19,115.5,1.278107,365,0,2250,1
31,22.5,118,1.501011,365,0,2250,1
33,23.77674,115.6277,1.796926,0,0,3360,0.6600003
32,24.90475,116.7286,1.743293,0,0,3270,1
33,23.91202,113.2778,1.730719,0,0,3750,0.5000005
131,22,127,1.060203,0,0,2850,1
33,23.5,115.5,1.698068,0,0,3300,1
33,21.44031,113.242,1.682374,0,0,1230,1.539999
33,20.04832,112.9517,1.69751,0,0,1230,1
33,30.76018,140.2686,2.964395,-40,0,2760,1
30,19.01097,136.7116,1.481462,-40,0,2760,2.459999
31,21.62841,138.6048,1.993536,-40,0,2610,2.239999
30,25.22935,134.8425,1.256225,-40,0,2700,1.14
32,23.85719,133.4333,1.046479,-40,0,2760,1
5,23.10402,132.8573,1.61279,-25,0,2370,1
6,24.26773,130.7484,1.61279,-5,0,2070,1
32,27.08711,134.3225,4.225486,20,0,2910,1.52
30,24.30679,136.6612,3.843751,35,0,2910,1.619999
8,24.92029,132.1981,1.936351,-5,0,2070,1
10,17,139.5,2.30066,-5,0,2070,1
10,18,142.5,2.215855,0,0,1800,1
24,26.5,133,1.537706,-375,0,1980,1
24,25,132,1.668422,-375,0,1980,1.52
24,25.5,132,1.591109,-375,0,2130,1
24,26.33358,134.8422,5.907574,20,0,1530,1
24,27.20656,134.9447,5.832781,20,0,1470,1
24,26.03478,131.5474,3.552042,20,0,1560,1
21,25.2411,130.1438,4.900635,20,0,1470,1
21,27.39272,132.3459,4.798982,20,0,1470,1
119,21.5,130,1.894982,0,0,2850,1
23,29.30718,149.9872,1.624608,0,0,90,1
21,26.87112,158.9793,2.555,0,0,3870,1
9,25.21135,155.069,1.301078,-10,0,3270,1
9,18.216,158.5701,1.307526,-10,0,3120,1
24,26.5,151.5,1.64276,0,0,840,1
21,29.72563,154.0114,2.837327,375,0,1500,1
7,26.44897,144.3085,0.8831249,5,0,2310,1
31,17.83964,155.7079,1.482769,0,0,420,1
23,25.5,169,1.670538,0,0,720,1
23,23,163.5,1.65,0,0,720,1
23,30.16646,169.4659,1.65,0,0,387,1
23,31.913,172.8677,1.651306,0,0,417,1
23,30.65927,161.3603,1.65989,0,0,477,1
21,19.70788,171.984,2.555001,0,0,3870,1
9,26.52644,161.6586,1.301077,-10,0,3120,1
24,17.5,174,1.652533,0,0,840,1
24,27.5,163,1.649999,0,0,840,1
24,30.5,171.5,1.664529,0,0,840,1
21,26.78565,167.3986,2.837327,375,0,1500,1
23,19,187,1.65,0,0,780,1
9,18.89063,178.1426,1.507152,-10,0,3270,1
10,23,202,2.715967,0,0,360,1
10,25,205.5,2.391469,0,0,450,1
10,20,194,1.895683,0,0,450,1
10,23,205.5,2.450297,-5,0,450,0.7600002
21,25,207.5,1.877185,0,0,360,1
23,29,202.5,1.657652,0,0,420,1
23,27,192.5,2.11752,0,0,420,1
23,24.5,203.5,1.91496,0,0,780,1
23,19.5,194,1.901913,0,0,780,1
24,18,192.5,2.136157,0,0,720,1
24,22.5,201.5,2.64372,0,0,840,1
30,26.5,198,1.903063,0,0,-300,0.5800004
9,31.40237,199.3538,1.301078,-10,0,3180,1
24,27.5,198,1.86521,0,0,840,1
24,29.5,194,2.115842,0,0,840,1
24,20,194,1.936422,0,0,840,1
24,25.5,197,2.052112,0,0,840,1
10,24.5,208,1.986498,0,0,450,1
23,32,207.5,1.65,0,0,420,1
10,31,214,2.032618,0,0,360,1
10,18.5,213,2.387795,0,0,450,1
10,17.5,212,2.181455,-5,0,450,0.7600002
10,19,220,2.227222,-5,0,450,1
21,19,214.5,2.398302,0,0,360,1
21,20.5,221,2.058936,0,0,360,1
21,18.92966,218.2372,2.622586,85,0,420,1
21,18.41428,217.0696,2.700069,85,0,420,1
21,18.08338,215.1517,3.516068,85,0,420,1
21,18.38884,217.543,2.643169,85,0,600,1
22,19.5,214,2.148293,85,0,810,1
22,20.5,220.5,2.200897,85,0,810,1
22,29.5,213.5,2.117941,0,0,450,1
22,18,220.5,2.271137,0,0,360,1
22,28,214.5,2.436044,0,0,360,1
22,26,220.5,1.994876,0,0,360,1
24,17,211.5,2.028825,0,0,720,1
24,28,220.5,2.064246,0,0,720,1
10,28,220.5,2.155037,0,0,360,0.8400002
10,29.5,222,1.906841,0,0,360,0.8200002
21,32,215,1.90888,0,0,360,1
24,32,215,1.910498,0,0,840,1
10,29.5,231.5,1.87648,0,0,450,1
10,31,234,1.790458,0,0,450,1
21,30.5,233,1.885259,0,0,360,1
21,23.5,229.5,2.271238,0,0,360,1
21,17.5,229.5,2.251328,0,0,360,1
10,17.59153,229.1282,2.060019,0,0,360,0.7800002
21,18.7599,238.8451,2.91283,85,0,420,1
21,17.57216,228.4582,2.861102,85,0,420,1
22,17.5,229.5,2.096562,85,0,810,1
10,23,228,2.189969,0,0,360,0.7800002
10,24,229,2.073357,0,0,360,0.7800002
22,19.5,239,1.692786,0,0,360,1
22,26,237,2.061538,0,0,360,1
22,29.5,224.5,1.803607,0,0,360,1
22,30.5,232.5,1.822686,0,0,360,1
23,30.5,237,1.740041,0,0,360,1
24,23.5,228,2.151679,0,0,720,1
24,17,229,2.174413,0,0,720,1
24,25,236.5,1.840732,0,0,840,1
24,20,238,1.693077,0,0,840,1
0,19,244,1.65,0,0,1770,1
0,22,247.5,1.65,0,0,1800,1
0,28.5,247.5,1.811646,0,0,0,1
21,23.5,243.5,1.65,0,0,450,1
21,20,241,1.65,0,0,450,1
21,26.05074,245.801,3.121455,-55,0,270,1
21,20.16234,242.8952,2.904113,-55,0,270,1
21,26.01446,247.3803,3.034043,-5,0,270,1
22,29,243.5,1.724516,0,0,450,1
24,26.5,244.5,1.863302,0,0,840,1
24,21.5,245,1.65,0,0,840,1
33,37.5,12.5,1.689494,-25,0,-30,1
41,35.68449,12.50085,0.8394086,-15,0,-30,0.8000002
41,45.84982,6.212221,-0.3190609,-25,0,-30,1
24,44.5,12.5,1.589628,0,0,3750,1
22,34.38465,15.43935,2.466927,-380,0,1440,1
24,32.99794,15.7114,1.886271,-375,0,1710,1
22,32.5,24,1.94435,-380,0,1440,1
22,43,18.5,1.886405,-380,0,1440,1
24,40.5,20,2.074759,-380,0,1770,1
24,47.5,17.5,1.716516,-380,0,1770,1
20,42.54106,23.90355,3.284863,375,0,1590,1
20,46.90853,16.84331,2.908019,375,0,1590,1
24,35.45107,16.43531,1.82906,-380,0,1770,1
21,32.09901,16.27952,2.255219,-380,0,1770,1
21,33.15102,28.08099,2.399307,0,0,720,1
32,41.96844,31.04339,1.753689,0,0,750,1
9,40.52417,43.65556,1.325911,10,0,4620,1
9,38.06581,47.06639,1.747766,10,0,4500,1
22,35.28242,46.72639,2.231323,-380,0,1440,1
22,40.70716,37.83842,1.640392,-380,0,1440,1
31,41.23402,33.41967,1.93171,0,0,780,1
131,36.02254,33.11801,1.554226,-365,0,1440,1
127,46.32909,46.54939,1.507557,-15,0,3540,1
127,35.48329,42.5281,1.273222,45,0,3510,1
127,36.50138,42.94725,1.340117,30,0,3570,1
22,40.5,57,1.65,-380,0,1440,1
9,41.26838,52.14631,1.492792,10,0,4620,1
9,43.89919,53.0627,1.499386,10,0,4620,1
9,45.2767,51.84127,1.539752,10,0,4680,1
24,38,60.5,1.65,5,0,750,1
24,32.5,61.5,1.65,5,0,750,1
24,33,63,1.65,5,0,810,1
24,36,58.5,1.649999,5,0,810,1
24,41,63.5,1.65,5,0,810,1
21,35.28172,63.87725,2.837326,375,0,1590,1
21,36.29678,63.98193,2.837326,375,0,1590,1
21,40.09182,60.2683,2.837326,375,0,1590,1
20,40.33083,61.06961,2.837327,375,0,1590,1
20,38.50601,59.31712,2.837327,375,0,1590,1
34,34.5,51.5,1.754284,0,0,420,1
33,38.5,50.5,1.95284,-15,0,720,1
52,34.5,51.5,1.774084,-5,0,1110,0.6000004
58,36.5,55.5,1.693345,-5,0,1110,1
58,36.7312,54.41184,2.063227,105,0,1200,1
7,35,56.5,1.714534,105,0,1200,1
6,33.5,50.5,1.871596,0,0,1260,0.5800004
6,34.5,53.5,1.658341,0,0,1260,0.5600004
6,36.55615,50.44385,2.150602,0,0,1290,0.4200004
127,41.45784,49.38132,1.79256,20,0,3780,1
127,42.53975,56.49822,2.203117,-15,0,3690,1
33,36,64,1.65,355,0,1530,1
9,46.76352,67.69061,1.301078,0,0,4680,1
9,43.41942,74.03716,1.301077,0,0,4680,1
24,35,64.5,1.65,5,0,750,1.36
24,40,70,1.65,5,0,810,1
32,36.5,65.5,1.65,355,0,1530,1
33,37,65.5,1.65,355,0,1530,1
33,38,66.5,1.65,355,0,1530,1
9,46.33611,80.28752,1.301078,0,0,4680,1
9,42.34897,89.00154,1.325843,0,0,4680,1
129,34.89043,89.92293,1.729568,0,0,2880,0.7000003
129,34.60849,89.81716,3.417863,0,0,2670,0.6600003
24,48,81.5,1.65,5,0,810,1
10,38.0037,109.8269,1.558703,-10,0,3060,0.96
33,38.77894,109.6413,1.672108,0,0,3210,1
31,39.86809,110.7673,1.775494,0,0,3270,0.4400004
10,45.5,110.5,2.079311,5,0,3150,1.38
24,34.5,104,1.649999,0,0,660,1
24,38.5,110.5,1.65,0,0,660,1
24,42,103,1.65,0,0,750,1
20,33.85385,104.7427,2.827724,20,0,420,1
20,33.79694,96.10233,2.827725,20,0,420,1
10,41.5,109.5,1.65,0,0,2850,0.8000002
33,44.64962,109.3925,1.704692,0,0,3090,1
21,44.87763,109.8055,1.689409,0,0,3180,1
10,43.5,118.5,2.118706,0,0,3150,1
21,32.36126,126.5797,2.794469,375,0,1500,1
21,34.71285,119.2934,3.207305,375,0,1500,1
21,40.12012,126.4897,2.970694,375,0,1500,1
10,36.5,113.5,2.415729,0,0,3090,0.8200002
10,40.5,113.5,1.677156,-5,0,3090,1
10,33.5,112.5,2.050383,0,0,3150,1
24,34.91121,135.8608,1.74683,0,0,90,1
21,43.65651,130.3435,2.649239,0,0,3600,1
21,42.91917,141.2344,2.555001,0,0,3600,1
21,36.35708,142.7185,2.550778,0,0,3600,1
21,38.07032,137.9725,2.837327,375,0,1500,1
23,32.65862,157.0486,1.716216,0,0,477,1
23,38.30668,157.4379,1.65,0,0,477,1
21,45.70138,151.0417,2.555,0,0,3150,1
21,32.63491,151.6008,2.555001,0,0,3870,1
9,43,150.5,1.65,0,0,3300,1
9,42,158.5,1.65,0,0,3390,1
9,33,145.5,1.634535,0,0,3390,1
24,33.5,154,1.667346,0,0,840,1
24,40,145.5,1.65,0,0,840,1
10,47.5,175,1.65,370,0,2700,0.7000003
32,42.5,172,1.65,380,0,2940,2.339999
31,47.59528,173.8087,2.15,20,0,3330,1.5
32,43.3381,166.2112,1.649999,35,0,2610,2.919998
34,46.35821,169.7061,1.65,370,0,2700,1
22,43.30452,175.1285,1.678786,0,0,327,1
23,36.05938,168.8937,1.764236,0,0,417,1
9,35.44381,164.0863,1.549726,-10,0,3120,1
9,32.49758,175.2518,1.301078,-10,0,3120,1
24,43.5,171.5,1.917676,0,0,840,1
24,44,166.5,2.40008,0,0,840,1.26
21,36.50592,165.9233,3.126312,375,0,1500,1
21,45.31501,164.2581,2.837327,375,0,1590,1
10,45.5,190.5,1.65,0,0,326,1.06
22,45.50432,181.6454,1.650001,0,0,327,1
23,35.87859,177.8064,1.65,0,0,387,1
23,40.91578,179.7647,1.65,0,0,387,1
9,42.67442,184.3159,1.301077,-10,0,3120,1
9,37.80234,189.7935,1.376166,-10,0,3180,1
9,46.14835,190.3532,1.301078,-10,0,3090,1
21,38.34082,179.6812,2.837327,375,0,1500,1
21,41.95053,184.2564,2.841914,375,0,1500,1
21,40.73945,182.2748,2.845357,375,0,1590,1
9,36.30752,198.4539,1.301077,-10,0,3180,1
9,40.66383,204.1834,1.301077,-10,0,3180,1
9,41.12355,201.9347,1.301078,-10,0,3180,1
9,41.06166,206.6837,1.301077,-10,0,3090,1
9,41.48436,195.361,1.334174,-10,0,3090,1
24,35.5,193,1.695543,0,0,4290,1
10,38,221.5,1.998431,0,0,450,1
10,41.5,222,2.08321,0,0,450,1
10,33.5,216.5,1.752084,0,0,360,1
21,33.5,218,2.016984,0,0,360,1
21,40,221,1.953224,0,0,450,1
23,47.5,217.5,2.395077,0,0,360,1
23,43,211.5,1.693904,0,0,360,1
23,37,212,1.65,0,0,360,1
24,41.5,223.5,2.052041,0,0,810,1
24,39.5,216.5,1.65,0,0,810,1
24,43,213,1.765185,0,0,810,1
24,45.5,219,2.445117,0,0,810,1
24,32.5,209.5,1.65,0,0,840,1
9,47,221.5,2.599311,0,0,3390,1
10,38.5,224,2.403025,0,0,450,1
24,48,223,2.434338,0,0,750,1
10,38.5,233,2.207531,0,0,450,1
10,39.5,235,2.240729,0,0,450,1
21,39,233.5,2.273747,0,0,360,1
21,35.5,228,1.893466,0,0,360,1
21,44.5,226.5,2.117021,0,0,450,1
22,34,226.5,1.988094,0,0,360,1
23,47,234,2.115506,0,0,360,1
23,43.5,229.5,2.528601,0,0,420,1
24,39,233,2.0931,0,0,720,1
24,46.5,228,2.000795,0,0,810,1
9,45.81234,228.1237,1.77504,-10,0,3180,1
24,46,240,1.902282,0,0,750,1
0,39.5,245.5,2.188447,0,0,0,1
0,45.5,242.5,1.779207,0,0,-90,1
1,33.5,247,1.65044,0,0,-90,1
22,38,243,1.712845,0,0,450,1
22,32.5,243.5,1.797321,0,0,360,1
24,42,241,1.654538,0,0,840,1
24,36.5,243,1.767133,0,0,840,1
33,49,7.5,1.65,-25,0,-30,1
22,53,12,1.65,-380,0,1440,1
24,49.5,12,1.65,-380,0,1770,1
25,56.5,13.5,1.65,-385,0,2010,1
24,62.5,16,1.623595,-380,0,1770,1
22,53,18,1.65,-380,0,1440,1
22,57,21.5,2.1166,-380,0,1440,1
25,55,30.5,1.65,-385,0,2100,1.4
25,61,25.5,1.838258,-385,0,2100,1
25,57,25,1.688807,-385,0,2100,1
25,56,19,1.735924,-385,0,2010,1
24,53,18.5,1.65,-375,0,1590,1.679999
9,48.14193,30.09249,1.342561,10,0,4500,1
24,62,24.5,1.832623,0,0,3750,1
31,55.5,23.5,1.780623,375,0,1530,1
24,64,24,1.86891,-380,0,1770,1
31,63.26784,32.19704,0.1343449,35,0,-660,1
22,53.5,35,1.65,-380,0,1440,1
22,53,44.5,1.65,-380,0,1440,1
25,63,44.5,1.65,-370,0,1650,1.619999
25,57.5,40.5,1.65,-375,0,1860,1.4
9,48.0434,40.32915,1.301078,10,0,4500,1
8,53.5,36.5,1.65,0,0,3510,1
127,54.5,45.5,1.739171,-5,0,5250,1
127,61.5,47.5,1.745272,-5,0,5340,1
127,62.5,44.5,1.65,0,0,3870,1
127,62.5,40.5,1.649214,0,0,3870,1
127,62.5,42,1.65,0,0,3900,1
127,62.98619,43.21066,1.620563,0,0,3840,1
127,62.59591,39.44406,1.589711,25,0,4020,1
127,63.72793,37.26197,0.375867,35,0,3930,1
127,62.5,38,1.389321,0,0,3930,1
127,62.50571,41.20031,3.043222,0,0,4020,1
22,57.5,57.5,1.65,-380,0,1440,1
22,49,56.5,1.65,-380,0,1440,1
127,62.5,61.5,1.65,0,0,3870,1
127,63.5,56.5,1.65,0,0,3990,1
127,57.5,59.5,1.65,0,0,4020,1
127,62.5,51.5,1.962229,-5,0,5220,1
127,51.5,59.5,1.65,-5,0,5220,1
127,49.5,55.5,1.717095,-5,0,5340,1
127,57.5,50.5,2.335977,-5,0,5340,1
127,63.52584,56.50752,3.057271,0,0,5340,1
127,63.78315,63.12364,2.799109,65,0,3930,1
127,51.63103,59.25689,3.020563,0,0,3990,1
127,57.59619,50.53163,3.740477,-5,0,3870,1
9,61.02958,79.39545,1.301077,10,0,4410,1
9,50.78587,71.48369,1.301078,10,0,4680,1
24,53,73.5,1.65,5,0,810,1
127,62.5,67.5,1.911081,-15,0,4080,1
127,55.5,64.5,1.726956,-5,0,4020,1
127,55.3871,64.55556,3.101477,-5,0,4020,1
9,52.51479,85.34564,1.301078,10,0,4440,1
22,48.29806,111.999,1.695593,0,0,3180,1
24,48.38616,104.3942,1.46141,-5,0,2010,1
24,56.38352,109.1936,1.46141,-5,0,2010,1
30,60.5,123,1.65,0,0,2250,1.22
10,59,121.5,1.65,0,0,2250,1
10,58,124.5,1.65,0,0,2250,1
10,61,120.5,1.649999,0,0,2250,1
52,63.33285,123.014,1.650001,0,0,3240,0.7200003
34,63.39943,123.0806,1.650001,0,0,3240,1
10,56.5,117,1.65,0,0,3240,1
10,54.5,115.5,1.65,0,0,3150,1
10,52.2343,114.3028,1.399999,0,0,3030,0.9200001
33,56.95665,117.1075,1.655266,0,0,2970,1
10,58.79316,119.3157,1.650189,0,0,2250,1
10,48.53865,114.6302,1.723243,0,0,3180,0.8400002
23,49.37045,114.2397,1.707066,0,0,3120,1
24,53.33236,114.7794,1.626526,0,0,3120,1
24,58.60474,118.1942,1.591643,0,0,3120,1
25,50.13724,113.465,1.673494,0,0,3120,1
23,56.32346,116.1878,1.597519,0,0,3090,1
6,62.43727,124.4345,1.65,0,0,3240,0.6000004
20,61.50033,122.3773,3.207494,60,0,2250,1
6,62.45373,121.4553,1.65,0,0,3240,0.5600004
20,62.65226,117.4477,2.827725,20,0,420,1
10,59.79025,126.3711,1.65,0,0,2250,1
10,49.5,122.5,1.65,0,0,3150,1.14
21,52.30141,123.1996,2.555001,0,0,3600,1
10,62.5,127.5,1.65,0,0,2400,1
120,62,130.5,1.70684,360,0,2520,0.6800003
152,62.64296,131.1044,1.72682,355,0,2430,1
153,63.29726,130.8586,1.70719,355,0,2550,1
21,62.61712,134.5059,2.555001,0,0,3240,1
9,59.75005,139.7644,1.301078,0,0,4860,1
21,61.98777,141.1485,2.555001,0,0,3240,1
9,61.5,141.5,1.65,0,0,3300,1
150,62,131.5,1.65,355,0,2430,1.04
23,51.67949,156.9222,1.650001,0,0,477,1
23,50.38347,150.3113,1.65,0,0,477,1
23,63.20554,147.9925,1.65,0,0,477,1
23,58.28245,145.5914,1.650001,0,0,327,1
21,53.4843,145.4923,2.837327,375,0,1590,1
21,59.70494,150.8349,2.837327,375,0,1590,1
31,48.95647,166.6281,2.15,15,0,3300,1.18
32,51.31548,170.6589,2.15,15,0,3300,1.859999
10,59.5,172.5,1.713685,0,0,133,1.12
24,50.5,166,1.670121,0,0,840,1
21,49.37261,172.0771,3.10556,375,0,1590,1
21,51.3746,166.2199,2.880211,375,0,1590,1
10,62.5,186.5,1.65,0,0,38,1.06
10,52.5,186.5,1.65,0,0,304,0.92
10,56.5,181.5,1.65,0,0,65,0.9999999
22,62.89485,180.9407,1.65,0,0,327,1
22,52.17669,177.3477,1.792049,0,0,327,1
24,57.5,181.5,1.65,0,0,4230,1
24,50.5,178,1.812768,0,0,4230,1
10,59.5,198.5,1.656513,0,0,358,1.12
9,59.20905,196.1423,1.301077,-10,0,3090,1
9,49.5,192.5,1.65955,-10,0,3210,1
10,55.5,193.5,1.665,0,0,241,1.07
23,51.5,222,1.65,0,0,360,1
23,54.5,214,1.739714,0,0,540,1
9,55,213,1.777679,0,0,3390,1
9,58,220.5,1.65,0,0,3480,1
31,52.5,224,1.65,0,0,-300,1
23,64,221,1.652386,0,0,540,1
23,49.5,228,1.693395,0,0,360,1
23,57,231,2.030757,0,0,420,1
9,59.7236,234.7783,2.336806,-10,0,3180,1
0,49,244.5,1.65,0,0,-90,1
0,62.5,245.5,1.858951,0,0,-90,1
1,57,246,1.663295,5,0,-90,1
0,52.5,244.5,1.65,0,0,-90,1
31,65.55562,15.22147,1.115633,375,0,1500,1
30,64.46785,30.44369,-0.06563667,35,0,-660,0.6400003
24,65.5,31.5,0.2249998,-380,0,1770,1
32,65.81834,21.50915,0.643962,375,0,1500,1
24,80,20.5,1.65,-380,0,1680,1
25,80,25.5,1.65,-360,0,1740,1.579999
24,66.5,39.5,1.604512,-380,0,1770,1
24,77.5,33.5,1.65,-380,0,1770,1
25,70.5,33,1.649999,-360,0,1740,1
24,69,35.5,1.65,-385,0,2010,1
8,69,44,1.65,0,0,3510,1
24,76.5,63,2.068555,5,0,810,1
127,64.5,63.5,1.763142,0,0,3870,1
127,67.5,60.5,1.659296,0,0,4020,1
127,70.5,52.5,1.737604,-5,0,5220,1
127,67.50242,60.40213,3.063303,0,0,5310,1
127,70.55957,52.34622,3.123195,0,0,3870,1
24,70.5,68.5,1.65,5,0,810,1
24,68,70,1.65,5,0,810,1
24,76,67.5,1.65,5,0,1050,1
127,70.5,65.5,2.116477,-15,0,4170,1
127,64.5,64.5,1.918731,0,0,3870,1
24,69.5,80,1.65,5,0,810,1
21,75.1625,94.92703,-4.95,0,0,-810,1
22,73,95.5,1.65,0,0,-720,1
9,71.16144,89.85522,1.322793,10,0,4320,1
9,71.26024,80.85803,1.301077,10,0,4320,1
24,77,87.5,1.65,5,0,810,1
20,66.08059,111.3258,2.827725,20,0,420,1
98,73.99314,103.264,1.65,0,0,-330,1.2
0,72.9678,106.8566,-3.85,0,0,-780,1
0,68.88515,100.6144,-3.85,0,0,-840,1
0,71.61703,103.5058,1.650001,0,0,-720,0.6800003
0,76.32964,106.1421,-4.95,0,0,-810,1
21,77.25648,98.73697,-4.95,0,0,-810,1
21,78,102,1.65,0,0,-810,1
21,74,96.5,1.65,0,0,-720,1
22,77.1361,103.7169,1.55,0,0,-720,1
52,75.50162,100.3136,1.850001,5,0,120,0.7200003
99,72,100,1.65,0,0,-720,1
58,72.5,97.5,1.65,5,0,120,1
58,71.5,97,1.65,5,0,120,1
0,68.93295,96.37827,-4.85,0,0,-810,1
9,78.42199,103.0496,1.301077,10,0,4320,1
24,73,97,1.65,5,0,810,1
24,76.5,103,1.65,5,0,810,1
24,72,103,1.65,5,0,810,1
24,79.5,97,1.65,5,0,810,1
6,65.48237,122.4758,1.65,0,0,3240,0.5000005
6,64.51123,124.5004,1.65,0,0,3240,0.5400004
6,64.47831,121.5046,1.65,0,0,3060,0.5000005
24,65.98315,113.5697,1.46141,-5,0,2010,1
21,68.2641,124.3044,2.555001,0,0,3600,1
97,67.7743,140.5526,1.686109,355,0,2520,1
0,67.88212,141.8449,1.649999,0,0,180,0.7000003
23,69.88473,135.2661,1.65,0,0,387,1
21,68.614,141.5424,2.555001,0,0,3240,1
21,74.62342,139.2082,2.555001,0,0,3510,1
21,70.2002,135.994,2.837326,375,0,1590,1
21,65.89584,128.8775,2.837327,375,0,1590,1
27,73.49689,154.3404,1.877342,365,0,2970,1
26,70.64119,149.5002,-1.372819,330,0,2910,1
26,74.18153,147.7698,1.654713,365,0,2970,0.6800003
21,78.76949,146.8965,1.872803,360,0,2880,0.6400003
122,74.48777,154.0145,1.696085,0,0,-450,1
124,74.49628,157.4844,1.65,0,0,-450,1
4,73.23901,147.1255,1.662337,365,0,2790,0.5200005
10,66.5,155.5,1.65,370,0,2700,0.9000001
10,71.5,155.5,1.65,370,0,2700,1
10,66.5,149.5,1.65,370,0,2700,1
10,72.5,147.5,1.65,355,0,2700,1
23,72.04262,144.5154,1.650001,0,0,387,1
145,79.5,154.5,1.955743,0,0,0,1
145,78.5,153.5,1.92535,0,0,90,1
145,78.5,152.5,1.92726,0,0,90,1
140,75.5,156,1.685784,0,0,90,1
142,79.5,153,1.938224,0,0,90,1
141,75.5,154,1.726375,0,0,90,1
133,75.5,152.5,1.784937,0,0,90,1
133,75.5,151.5,1.792245,0,0,90,1
133,75.5,150.5,1.783066,0,0,90,1
133,76.5,156.5,1.69274,0,0,0,1
58,79.5,156.5,1.871646,0,0,0,1
123,78.01834,148.9903,1.728981,0,0,180,1
123,78.02172,157.0157,1.666598,0,0,-360,1
125,76.12875,154.958,4.822472,360,0,2430,1
125,76.16772,150.8992,4.909484,360,0,2520,1
124,74.5,148.5,1.684702,0,0,-720,1
122,74.47264,152.0161,1.689656,0,0,-450,1
22,80,146.5,1.65,360,0,2970,0.4200004
10,77.5,162.5,1.65,370,0,2700,1
21,78,161,1.65,360,0,3090,0.6800003
10,74.5,161.5,1.65,0,0,0,1
10,79.5,167.5,1.65,0,0,204,0.98
10,65.5,172.5,1.671486,0,0,152,1
10,65.5,168.5,1.676248,0,0,175,0.93
10,70.5,165.5,1.65,0,0,212,1.04
10,68.5,160.5,1.65,370,0,2880,1
10,75.39077,172.4341,1.65,0,0,327,1.05
22,78.02889,173.4357,1.650001,0,0,327,1
22,70.20688,168.3605,1.650001,0,0,327,1
22,64.3037,175.2321,1.65,0,0,327,1
24,76,172.5,1.65,0,0,4230,1
24,67.5,170.5,1.665,0,0,4230,1
10,77.5,189.5,1.65,0,0,6,0.94
10,75.5,183,1.65,0,0,321,0.99
10,64.5,191.5,1.65,0,0,325,0.95
10,68.5,178.5,1.65,0,0,229,1.04
10,77.5,177.5,1.65,0,0,173,0.93
9,77.79013,184.0419,1.301078,-10,0,2550,1
9,77.80981,177.0114,1.301078,-10,0,3210,1
10,71.5,190.5,1.65,0,0,352,0.98
10,71.49302,197.6586,1.65,0,0,213,0.99
10,75.5,199.5,1.674897,0,0,0,1
10,75.5,207.5,1.818958,0,0,51,0.92
10,69.5,204.5,1.65,0,0,196,0.97
23,69,222.5,1.866756,0,0,420,1
31,67,223.5,1.765365,0,0,-570,1
10,65.5,222.5,1.676779,0,0,0,1
10,76.5,213.5,1.65,0,0,346,0.95
9,77.41041,222.1961,1.301078,-10,0,3180,1
9,77.96368,228.1672,1.301078,-10,0,2460,1
9,67.97444,225.5965,1.503492,-10,0,3180,1
10,74.5,229.5,1.65,0,0,39,1.03
0,67.5,246.5,1.721264,0,0,-90,1
0,74.5,246.5,1.966126,0,0,-90,1
23,83,14.5,1.65,-380,0,1770,1
23,94,11,1.65,-380,0,1620,1
24,86,11,1.649999,-380,0,1620,1
24,90.5,11,1.65,-375,0,1590,1
23,91.5,16,1.65,-380,0,1770,1
25,87,16.5,1.65,-380,0,1680,1
25,85,27,1.649999,-360,0,1740,1.819999
24,85.5,20.5,1.65,-375,0,1890,1.999999
24,86.5,19,1.65,-375,0,1890,1
24,89,17.5,1.65,-375,0,1890,1
24,85.5,23,1.65,-375,0,1680,1
8,93.5,17.5,1.65,0,0,3510,1
8,82.5,30.5,1.65,0,0,3510,1
20,93.11672,47.4221,2.827724,-20,0,240,1
9,93.25143,45.72897,1.301077,10,0,4230,1
24,85,36.5,1.65,0,0,3750,1
24,86.5,37.5,1.65,0,0,3750,1.559999
24,84,38.5,1.65,0,0,3810,1
9,88.37436,58.91587,1.301077,10,0,4230,1
24,90,53,1.65,0,0,3870,1.42
24,88.5,55.5,1.65,0,0,3870,1
24,88,61,1.65,5,0,1050,1
24,91.5,64,1.65,5,0,1050,1
81,96,62,1.65,0,0,810,1
81,96,64,1.65,0,0,810,1
21,94.91412,72.56207,2.25,340,0,270,1
10,95.5,73,1.65,-5,0,450,1
21,89.82857,68.81423,2.892867,20,0,510,1
21,86.59138,75.11205,2.827725,-20,0,240,1
9,84.01942,71.12914,1.301077,10,0,4350,1
9,91.15237,72.72006,1.313674,10,0,4350,1
24,85,74,1.65,0,0,3870,1
24,88,79,1.65,0,0,3780,1.3
24,82.5,68.5,1.653087,5,0,1050,1
81,96,66,1.65,0,0,810,1
81,96,68,1.65,-5,0,450,1
9,92.37547,84.73726,1.301077,10,0,4350,1
24,86.5,81,1.65,0,0,3780,1
24,84.5,81.5,1.65,0,0,3990,1
22,87.81866,101.2992,1.55,0,0,-720,1
22,92.78831,105.8869,1.55,0,0,-720,1
9,83.93271,105.7038,1.301077,10,0,4320,1
24,95.5,102,1.65,0,0,3990,1
24,87.5,110.5,1.65,0,0,3990,1
20,84.43632,126.3345,2.827725,20,0,420,1
22,89.05305,113.4425,1.55,0,0,-720,1
22,87.19659,120.2029,1.55,0,0,-720,1
9,88.57286,116.195,1.301077,10,0,4380,1
24,85.5,126.5,1.65,0,0,3990,1
90,95.5,125.5,1.65,360,0,2790,1
81,96,124.5,1.618664,365,0,2790,1
81,96,122.5,1.595031,365,0,2790,1
81,96,120.5,1.602555,365,0,2790,1
81,96,118.5,1.584407,365,0,2790,1
81,96,116.5,1.602348,365,0,2790,1
81,96,114.5,1.619423,365,0,2790,1
81,96,112.5,1.609027,365,0,2790,1
30,83.5,128.5,1.65,0,0,-150,1
22,87.69137,134.3139,1.55,0,0,-720,1
23,83.56815,141.2533,1.650001,0,0,387,1
9,87.73531,142.9903,1.301078,-10,0,3270,1
9,92.93139,140.9942,1.301078,-10,0,3450,1
24,92.5,132,1.65,0,0,3990,1
24,93,143,1.65,0,0,3990,1
90,95.5,130.5,1.65,360,0,2790,1
81,96,132,1.629981,365,0,2790,1
81,96,134,1.560502,365,0,2790,1
81,96,136,1.558681,365,0,2790,1
81,96,138,1.620259,365,0,2790,1
81,96,140,1.642313,365,0,2790,1
10,85.37302,154.1656,1.65,365,0,2400,0.7800002
26,82.40875,147.8504,1.855397,360,0,2970,1
124,81.5,148.5,1.679482,0,0,90,1
10,81.8793,146.6035,1.65,370,0,2700,0.6600003
5,83.3726,151.8512,1.70647,365,0,2790,0.6600003
10,83.81829,152.2305,1.703453,365,0,2640,0.8600001
122,81.54001,154.029,1.667784,0,0,-270,1
10,89.5,157.5,1.65,370,0,2700,1
10,93.5,159.5,1.65,0,0,230,1.06
10,84.5,156.5,1.65481,370,0,2700,1
10,84.5,152.5,1.684531,355,0,2910,0.8400002
21,81.5,146,1.65,355,0,2880,0.7000003
22,89.03979,149.1457,1.55,0,0,-720,1
23,91.22642,154.5893,1.650001,0,0,387,1
9,91.82767,156.226,1.301078,-10,0,3270,1
9,93.95325,150.3427,1.301077,-10,0,3450,1
24,90,151,1.65,0,0,4230,1
58,80.5,156,1.910587,0,0,150,1
124,81.49186,157.5329,1.645978,0,0,-180,1
5,83.03662,149.3012,1.668977,365,0,2790,0.6200004
122,81.54081,151.9461,1.708984,0,0,-270,1
10,84.47541,150.4108,1.649999,370,0,2700,0.9200001
125,80.17883,150.8752,4.945208,360,0,2610,1
125,80.15121,154.849,5.059754,360,0,2700,1
10,80.5,162.5,1.65,370,0,2700,1
10,85.5,164.5,1.65,0,0,244,0.94
10,85.5,173.5,1.65,0,0,344,1.03
10,95.5,164.5,1.65,0,0,200,1.04
22,90.24438,175.8552,1.55,0,0,-720,1
9,85.59953,174.1282,1.301077,-10,0,3210,1
9,89.16183,168.7727,1.301078,-10,0,3210,1
9,93.8313,171.4957,1.301077,-10,0,3270,1
9,93.76694,160.2705,1.301077,-10,0,3270,1
24,89,174.5,1.65,0,0,4230,1
10,95.5,180.5,1.65,0,0,250,1.04
10,91.5,177.5,1.65,0,0,318,0.93
10,92.5,191.5,1.65,0,0,189,1.06
10,86.5,180.5,1.65,0,0,178,0.94
9,83.87122,185.8853,1.301077,-10,0,2550,1
24,93,178.5,1.65,0,0,4230,1
10,88.5,185.5,1.65,0,0,0,1
10,95.5,201.5,1.714044,0,0,42,1.04
10,91.5,200.5,1.884857,0,0,265,1.04
10,84.5,199.5,1.67359,0,0,292,1.02
10,85.5,204.5,1.976448,0,0,291,0.96
10,83.5,193.5,1.649999,0,0,307,1.1
9,84.68336,195.966,1.301078,-10,0,2550,1
10,85.5,210.5,1.777847,0,0,149,0.92
10,93.5,208.5,1.65,0,0,332,1.05
21,90.55173,226.9146,2.390701,10,0,1500,1
20,87.13357,239.1419,2.967465,10,0,1770,1
22,89.26499,234.6803,2.777417,10,0,1770,1
21,83.66311,232.7616,2.390702,10,0,1770,1
9,89.6528,224.4629,1.301078,-10,0,2550,1
9,83.21098,224.2753,1.301077,-10,0,2550,1
9,83.71422,239.6101,1.655179,-10,0,2460,1
9,91.8624,231.6603,1.566667,-10,0,3180,1
9,82.12461,234.2541,1.301077,-10,0,3180,1
0,81,244.5,2.682209,0,0,-180,1
0,86,243.5,2.411099,5,0,-150,1
1,93,246.5,2.003387,5,0,-90,1
0,82.34839,248.4556,2.961185,5,0,-90,1
21,91.87409,241.8238,2.833902,5,0,-90,1
21,82.53331,242.7185,3.355685,5,0,-90,1
23,105.5,11,1.65,-380,0,1620,1
24,99.5,12,1.65,-380,0,1620,1
8,110,9,1.65,0,0,3660,1
23,103.5,18,1.65,-380,0,1620,1
24,109,17.5,1.65,-380,0,1620,1
24,96.5,19,1.65,-380,0,1620,1
20,109.6162,45.58384,2.827725,-20,0,240,1
9,111.738,44.28359,1.307893,10,0,4290,1
24,97,45,1.65,0,0,3810,1.44
24,106,47,1.65,5,0,1050,1
20,100.562,55.84019,1.65,0,0,0,1
81,97,60,1.65,0,0,840,1
81,98.5,58,1.649999,0,0,840,1
81,100,56,1.65,0,0,840,1
81,101.5,55,1.65,0,0,900,1
81,103.5,55,1.65,0,0,900,1
81,105.5,55,1.65,0,0,900,1
81,107,56,1.65,0,0,960,1
81,108.5,57,1.65,0,0,900,1
81,110.5,57,1.65,0,0,900,1
21,107,56,1.65,0,0,-240,1
81,103.5,60.5,1.65,-5,0,-30,1
81,105.5,60,1.65,-5,0,0,1
81,107,61,1.65,-5,0,60,1
81,108.5,62.5,1.65,-5,0,30,1
81,110.5,63,1.65,-5,0,0,1
21,110,62,1.65,25,0,60,1
21,101.5,63.5,1.65,0,0,0,1
20,105,61,1.65,0,0,0,1
22,104.5,62.5,1.65,350,0,270,1
81,101.5,62.5,1.65,350,0,270,1
58,110.5,59.5,1.649999,0,0,0,1
58,103.5,57.5,1.65,0,0,0,1
58,104.5,57.5,1.65,0,0,0,1
58,111.5,59.5,1.65,0,0,0,1
50,104,57,1.65,0,0,0,1
21,96.24467,55.91161,2.827725,-20,0,240,1
9,100.439,51.50914,1.301078,10,0,4230,1
24,98,52,1.65,5,0,1050,1
10,106.6613,62.4732,1.65,-5,0,450,1
81,112,62,1.65,360,0,-780,1
81,100,78,1.65,0,0,810,1
81,99,76.5,1.65,0,0,750,1
81,98,75,1.65,0,0,810,1
81,97.5,73,1.65,0,0,780,1
81,96.5,71,1.65,0,0,780,1
81,107.5,78.5,1.65,-5,0,-60,1
81,107.5,76.5,1.65,-5,0,-120,1
81,106,75,1.65,-5,0,-150,1
81,105,73.5,1.65,-5,0,-90,1
81,104.5,72,1.65,-5,0,-90,1
81,104,70,1.65,-5,0,-120,1
81,102.5,68.5,1.65,-5,0,-150,1
81,101,67.5,1.65,-5,0,-150,1
81,101,66,1.65,-5,0,-30,1
81,101.5,64.5,1.65,350,0,270,1
58,101.5,71.5,1.65,0,0,0,1
58,101.5,70.5,1.65,0,0,0,1
58,100.5,70,1.65,0,0,0,1
58,99.5,69.5,1.65,0,0,0,1
58,101.5,72.5,1.65,0,0,0,1
58,106.5,78.5,1.65,0,0,0,1
58,105.5,78.5,1.65,0,0,0,1
58,104.5,78.5,1.649999,0,0,0,1
50,100.5,69.5,1.65,0,0,0,1
20,111.468,77.1972,2.346222,50,0,60,1
58,107,68,1.65,85,0,840,1
81,106.2702,72.38675,-2.658964,0,0,540,1
99,105.835,67.3684,1.650001,360,0,90,1
58,107.5,69.5,1.65,5,0,750,1
50,111.7595,72.22296,1.65,0,0,0,1
50,106.4506,73.57404,1.65,0,0,0,1
95,110.5,70.5,1.65,0,0,30,1
81,111.5,71.5,1.65,0,0,60,1
81,100,80,1.65,0,0,630,1
81,112,80,1.65,0,0,0,1
20,101.4805,82.56535,1.65,0,0,0,1
22,107,87.5,1.65,350,0,270,1
81,109.5,87,1.65,0,0,540,1
81,103,84.5,1.65,0,0,630,1
81,102.5,83,1.65,0,0,600,1
81,107.5,87,1.65,0,0,540,1
81,105.5,87,1.65,0,0,540,1
81,103.5,86.5,1.65,0,0,570,1
81,101,81.5,1.65,0,0,570,1
81,110,81,1.65,-5,0,-240,1
81,108,82,1.65,-5,0,-150,1
81,107,80.5,1.65,-5,0,-90,1
10,102,84,1.65,-5,0,450,1
10,102.5,86,1.65,-5,0,450,1
58,101.6574,82.41337,-3.330626,0,0,0,1
58,99.91459,82.27191,-5.247718,0,0,0,1
21,107.6772,90.74714,2.827725,20,0,420,1
9,98.92753,93.13243,1.301078,10,0,4350,1
9,105.0959,95.57341,1.301077,10,0,4380,1
81,112,87,1.65,0,0,360,1
20,101.2763,108.4033,2.645341,20,0,420,1
9,97.8186,109.7074,1.301078,10,0,4380,1
24,100.5,101,1.65,0,0,3990,1
80,99.98106,125.5462,1.708851,0,0,-90,1
80,107.9588,125.5468,1.724715,0,0,-90,1
20,96.85209,121.7751,1.755324,20,0,420,1
80,100.0246,130.4636,1.724775,0,0,90,1
80,108.0031,130.4658,1.748152,0,0,90,1
22,97.08629,152.8801,1.55,0,0,-720,1
23,98.96349,156.9715,1.65,0,0,447,1
10,98.5,167.5,1.65,0,0,275,0.95
10,108.5,168.5,1.65,0,0,244,1.06
22,96.65963,165.5881,1.55,0,0,-720,1
22,104.3359,174.0211,1.55,0,0,-720,1
22,97.38758,173.7535,1.55,0,0,-720,1
9,103.3632,163.0851,1.301078,-10,0,3390,1
24,99,167.5,1.65,0,0,4230,1
24,100,160.5,1.65,0,0,4230,1
24,99,173.5,1.65,0,0,4230,1
3,108,191.5,1.65,0,0,2880,1
2,107.5,191.5,1.65,0,0,2910,1
26,111.5,189,1.65,0,0,2700,1
26,108.5,182.5,1.65,0,0,2640,1
26,110,186,1.65,0,0,2580,1
26,111,188.5,1.65,0,0,2520,1
26,108.5,188,1.65,0,0,2370,1
26,107.5,184.5,1.65,0,0,2340,1
30,111.6708,189.2152,1.65,0,0,2700,0.5800004
32,109.3389,180.5102,0.7999998,0,0,2580,1.04
3,110.5,188.5,1.65,0,0,2880,1
2,107.5,181.5,1.65,0,0,2700,1
2,108.5,184.5,1.65,0,0,2700,1
10,104.5,183.5,1.65,0,0,348,0.93
10,101.5,188.5,1.65,0,0,333,0.92
10,101.5,179.5,1.65,0,0,119,1.04
26,111.5,192,1.65,0,0,2280,1
26,112,184.5,1.65,0,0,2700,1
26,112,186,1.65,0,0,2370,1
10,101.5,194.5,1.65,0,0,117,1.07
10,103.5,207.5,1.65,0,0,0,1
10,99.5,204.5,1.65,0,0,91,1.04
3,111.5,193.5,1.65,0,0,2880,1
3,108.5,200.5,1.65,0,0,2880,1
3,107.5,195.5,1.65,0,0,2880,1
10,105.5,197.5,1.65,0,0,71,0.94
10,97.5,193.5,1.65,0,0,185,0.93
3,110.5,197.5,1.65,0,0,2880,1
21,110.4645,207.5048,2.390701,10,0,1200,1
9,97.22699,203.2026,1.312673,-10,0,2460,1
9,101.154,206.6345,1.301078,-10,0,2460,1
9,105.7586,200.4255,1.301078,-10,0,2460,1
10,111.5,213.5,1.65,0,0,360,1
10,105.5,220.5,1.65,0,0,360,1
10,102.5,212.5,1.65,0,0,207,0.99
21,104.8458,208.0976,2.390702,10,0,1410,1
21,101.5394,217.6445,2.390702,10,0,1410,1
9,97.95741,219.2978,1.301078,-10,0,3240,1
10,108.5,227.5,1.65,0,0,360,1
10,100.5,225.5,1.65,0,0,360,1
20,107.9699,235.897,2.549999,5,0,30,1
9,102.4621,235.7329,1.301077,-10,0,2460,1
0,97.5,247,1.985795,5,0,-150,1
0,104,246,2.084316,0,0,-180,1
0,110.5,246.5,1.964669,5,0,-510,1
0,107.5,246.5,2.19081,5,0,-360,1
20,111.2743,240.902,2.55,5,0,30,1
21,109.4403,245.2322,3.413154,50,0,1830,1
21,99.2418,245.2427,3.262101,50,0,1830,1
9,97.33194,244.1619,1.37322,-10,0,2460,1
9,106.6707,242.8985,1.396759,-10,0,2460,1
23,120,15,1.65,-380,0,1620,1
24,122.5,9,1.65,-380,0,1620,1
24,115,9.5,1.649999,-380,0,1620,1
8,115.5,7.5,1.65,0,0,3660,1
20,119.9261,46.47065,3.072338,-20,0,240,1
9,127.9994,40.90418,1.38822,10,0,4290,1
24,122,45,1.981966,5,0,1050,1
20,116.7979,56.63519,1.65,0,0,0,1
21,118.3301,51.67154,1.65,0,0,0,1
21,125.5792,61.4642,2.2,25,0,60,1
81,112.5,57,1.65,0,0,-180,1
81,114.5,57,1.65,0,0,-180,1
81,116.5,57,1.65,0,0,-180,1
81,117.5,55.5,1.65,0,0,-270,1
81,118.5,53,1.65,0,0,-240,1
81,120,51.5,1.65,0,0,-210,1
81,122,51,1.65,0,0,-180,1
81,124,51,1.65,0,0,-180,1
81,126,51,1.882574,0,0,-180,1
81,126,63.5,1.65,-5,0,120,1
81,126.5,61.5,1.65,-5,0,90,1
81,123.5,59.5,1.65,350,0,270,1
81,123.5,57.5,1.65,350,0,270,1
81,126.5,59.5,1.65,360,0,-990,1
81,126.5,57.5,1.65,360,0,-990,1
81,124.5,55.5,1.65,360,0,-930,1
81,126,56,1.65,360,0,-1020,1
81,123,61,1.65,360,0,-750,1
81,121,62,1.65,360,0,-750,1
81,119,62.5,1.65,360,0,-720,1
81,117.5,61.5,1.65,360,0,-660,1
81,116,60.5,1.65,360,0,-720,1
81,114,60.5,1.65,360,0,-720,1
10,125,60,1.65,-5,0,450,1
58,120.5,55.5,1.65,0,0,0,1
58,121.5,57.5,1.65,0,0,0,1
58,127.5,60.5,1.65,0,0,0,1
20,126,60,1.65,0,0,0,1
50,117.5,56.5,1.65,0,0,0,1
50,113,61.5,1.65,0,0,0,1
50,124.5,56.5,1.65,0,0,0,1
58,120.5,56.5,1.65,0,0,0,1
58,121.5,56.5,1.65,0,0,0,1
9,112.7816,51.24504,1.301077,10,0,4230,1
81,128,51,1.841315,0,0,-180,1
81,124,76,1.65,0,0,1530,1
81,124,74,1.65,0,0,1530,1
81,124,72,1.65,0,0,1530,1
81,124,70,1.65,0,0,1530,1
21,125.5,66.5,1.65,25,0,120,1
81,124,68,1.65,-5,0,90,1
81,125,65.5,1.65,-5,0,120,1
10,124.3461,65.40171,1.65,-5,0,450,1
22,122.5,75.5,1.65,0,0,570,1
81,117.5,75,0.4349997,360,0,600,1
81,116.5,73.5,0.4349996,360,0,600,1
81,115.5,72,0.4349997,360,0,780,1
81,114.5,77,0.4350001,360,0,600,1
81,113.5,75.5,0.4349999,360,0,780,1
81,112.5,74,0.435,360,0,780,1
81,114.5,70.5,0.4350001,360,0,600,1
81,115,76,1.65,0,0,30,1
81,119,74,1.65,0,0,60,1
81,118,72.5,1.65,0,0,60,1
81,116.7137,71.18268,1.65,0,0,30,1
81,115.302,70.16325,1.649999,0,0,30,1
81,113.6288,74.53854,1.65,0,0,60,1
50,114.4621,75.16489,1.65,0,0,0,1
50,117.7847,71.35319,1.65,0,0,0,1
22,123,68,1.65,350,0,270,1
21,124,69.5,1.65,25,0,120,1
99,122.9053,69.82158,1.65,0,0,360,1
20,125,69.5,1.65,75,0,60,1
72,115.71,76.32777,2.6,0,0,390,1
72,113.1136,73.8465,2.6,0,0,390,1
72,118.405,73.21609,2.65,0,0,390,1
72,115.9285,70.64329,2.65,0,0,390,1
81,116.5522,76.77662,1.65,0,0,30,1
81,112.5,73,1.65,0,0,-120,1
50,116.8524,76.88721,1.65,0,0,0,1
50,119.577,74.48531,1.65,0,0,630,1
50,115.3311,70.0369,1.65,0,0,0,1
22,114.711,65.96594,1.65,350,0,270,1
81,118.2203,77.56069,1.650001,0,0,30,1
81,119.9523,75.56474,1.65,0,0,60,1
81,113.6836,69.27019,1.65,0,0,30,1
22,122.2388,74.51628,1.650001,350,0,270,1
95,120.8605,76.2419,1.65,0,0,0,1
20,121.4778,74.67226,1.649999,0,0,0,1
95,119.4341,78.36253,1.65,0,0,0,1
95,112.6372,68.43262,1.65,0,0,30,1
21,114.2598,67.62232,1.650001,55,0,90,1
81,114,80,1.65,0,0,0,1
81,116,80,1.65,0,0,0,1
81,118,80,1.65,0,0,0,1
81,128,68,1.65,0,0,660,1
81,118,87,1.65,0,0,540,1
81,120,87,1.65,0,0,540,1
81,122,87,1.65,0,0,540,1
81,124,87,1.65,0,0,540,1
81,126,87,1.65,0,0,540,1
20,127.7277,87.62828,1.65,0,0,0,1
20,112.1684,87.83298,1.65,0,0,0,1
21,120.0983,87.02541,2.2,25,0,60,1
81,114,87,1.65,0,0,360,1
81,116,87,1.65,0,0,540,1
10,115.5,87.5,1.65,-5,0,450,1
10,125.5,88,1.65,-5,0,450,1
83,120.8031,85.96614,1.549999,0,0,450,1
83,120.8287,83.98941,1.549999,0,0,450,1
83,120.8321,82.03691,1.55,0,0,450,1
50,120.5602,87.52608,1.649999,0,0,630,1
81,118.5,81,1.65,0,0,0,1
58,120.5,80.5,1.65,0,0,630,1
58,119.5,80.5,1.65,0,0,630,1
97,127.6717,87.28945,1.65,-5,0,390,1
12,114.5,108.5,1.65,0,0,1470,1
11,116,108.5,1.65,0,0,1500,0.6000004
51,117.1433,106.2291,2.799998,0,0,360,1
66,122,109,1.65,0,0,810,1
67,122,111.5,1.65,0,0,990,1
76,116.5,106.5,1.65,0,0,0,1
77,121.5,106.5,1.65,0,0,0,1
77,118.5,106.5,1.65,0,0,0,1
77,114.5,106.5,1.65,0,0,0,1
76,112.5,106.5,1.65,0,0,0,1
76,112.5,106.5,1.65,0,0,-90,1
77,112.5,108.5,1.65,0,0,1350,1
76,112.5,110.5,1.65,0,0,1350,1
76,123.5,106.5,1.65,0,0,0,1
84,122,111.5,1.65,0,0,450,1
83,122,110,1.65,0,0,2250,1
83,122,108,1.65,0,0,2250,1
133,122.5,111.5,1.65,0,0,-270,1
133,122.5,109.5,1.65,0,0,-270,1
133,122.5,110.5,1.65,0,0,-270,1
133,122.5,108.5,1.65,0,0,-270,1
23,118.5,110.5,1.65,0,0,1080,1
20,124,108,1.65,0,0,1080,1
20,123,108.5,1.65,0,0,1080,1
51,126.9946,106.1645,2.799999,0,0,360,1
77,125.5,106.5,1.65,0,0,360,1
129,117,110,1.65,0,0,1890,0.5600004
129,118.5,109,1.65,0,0,2280,1
68,122,112,1.65,0,0,1260,0.6800003
122,126,120.5,1.65,0,0,1080,1
124,120.5,120.5,1.65,0,0,720,1
122,120.5,126,1.65,0,0,990,1
58,122.1678,122.2506,1.650001,0,0,990,1
58,122.5559,121.4266,1.649999,0,0,990,1
58,121.5598,121.7578,1.65,0,0,990,1
122,124,120.5,1.65,0,0,1080,1
58,127.727,120.1291,1.7,0,0,1080,1
58,126.8872,120.2111,1.7,0,0,1230,1
118,115.5,113,1.65,0,0,2160,1
111,123,119.5,1.65,-20,0,2160,1
96,116.4758,113.7664,3.15,0,0,1260,1
102,125.5,120,1.65,0,0,990,1
51,112.8307,118.8445,2.799999,0,0,450,1
145,125.5,127.5,1.65,0,0,90,1
152,127.3426,127.7234,2.6,0,0,270,1
145,127.5,126.5,1.65,0,0,210,1
145,126.5,126.5,1.65,0,0,150,1
83,118,116,1.65,0,0,2340,1
84,119.5,116,1.65,0,0,180,1
66,120,116,1.65,0,0,900,1
66,116,116,1.65,0,0,900,1
67,113.5,116,1.65,0,0,1080,1
67,122,114.5,1.65,0,0,990,1
68,122,114,1.65,0,0,1260,0.6600003
84,120.5,116,1.65,0,0,1260,1
122,120.5,124,1.65,0,0,-90,1
142,122,125.5,1.65,0,0,0,1
145,121.5,126.5,1.65,0,0,0,1
145,122.5,126.5,1.65,0,0,0,1
145,122.5,124.5,1.649999,0,0,-180,1
145,121.5,124.5,1.65,0,0,120,1
133,121.4754,123.5131,1.65,0,0,2250,1
125,123.1442,123.13,4.75,0,0,0,1
125,127.1934,123.13,4.75,0,0,90,1
126,127.144,127.1956,4.75,0,0,90,1
133,113.5,124.5,1.65,0,0,-270,1
133,113.5,123.5,1.65,0,0,-270,1
133,113.5,120.5,1.65,0,0,-270,1
133,113.5,117.5,1.65,0,0,-270,1
76,112.5,124.5,1.65,0,0,990,1
77,112.5,119.5,1.65,0,0,990,1
78,112.5,122.5,1.65,0,0,990,1
77,112.5,115.5,1.65,0,0,1350,1
77,112.5,112.5,1.65,0,0,1350,1
76,112.5,117.5,1.65,0,0,1350,1
82,121.5,115.5,1.65,0,0,2610,1
84,122,114.5,1.65,0,0,1530,1
67,122,115.5,1.65,0,0,990,1
133,122.5,114.5,1.65,0,0,-270,1
133,122.5,115.5,1.65,0,0,-270,1
126,123.1282,127.1423,4.75,0,0,270,1
23,119,114.5,1.65,0,0,1080,1
20,114.7009,123.8616,2.35,-35,0,990,1
57,127.6968,118.1602,1.65,5,0,450,1
83,116,116,1.65,0,0,2340,1
83,114,116,1.65,0,0,2340,1
72,112.337,124.467,4.200001,0,0,1470,1
143,124.9465,122.3538,1.399999,0,0,360,1
143,124.8323,122.3569,1.399999,0,0,180,1
150,125.3101,122.5323,2.699999,0,0,270,1
145,125.5,123.5,1.65,0,0,-30,1
133,113.5,121.5,1.65,0,0,2610,1
143,127,128,1.65,0,0,270,1
122,120.5,128,1.65,0,0,-90,1
75,113,128,1.65,0,0,990,1
120,128,118.5,1.65,0,0,2880,0.7800002
142,128,127.5,1.65,0,0,900,1
122,120.5,130,1.65,0,0,990,1
124,120.5,137.5,1.65,0,0,990,1
122,124,137.5,1.65,0,0,900,1
122,126,137.5,1.65,0,0,900,1
121,120.5,134,1.65,0,0,630,1
141,122,136.5,1.65,0,0,900,1
144,122.5,134.5,1.65,0,0,0,1
144,124.5,134.5,1.65,0,0,0,1
144,126.5,134.5,1.65,0,0,0,1
140,123.6035,136.5472,1.65,0,0,900,1
141,125.2507,136.5212,1.65,0,0,900,1
58,127.3008,136.9199,2.05,-90,0,-180,1.2
58,126.452,137.0236,2.05,-90,0,-180,1.14
58,126.9499,136.9222,2.650001,-90,0,-180,1
51,112.8445,135.978,2.6,0,0,90,1
145,121.5,130.5,1.65,0,0,0,1
145,122.5,130.5,1.65,0,0,300,1
142,122,129.5,1.65,0,0,900,1
153,122.0244,129.4562,2.55,0,0,180,1
145,122.5,128.5,1.65,0,0,150,1
145,121.5,128.5,1.65,0,0,150,1
151,127.386,128.3812,2.6,0,0,180,1
145,127.5,129.5,1.65,0,0,360,1
145,125.5,128.5,1.65,0,0,60,1
145,126.5,129.5,1.65,0,0,360,1
122,120.5,132,1.65,0,0,-90,1
146,122.5,133.5,1.65,0,0,2490,1
146,124.5027,133.4298,1.65,0,0,90,1.04
146,126.5509,133.4491,1.649999,0,0,90,1.04
133,121.459,132.4838,1.65,0,0,2250,1
150,122.4663,134.4177,2.75,0,0,240,1
153,122.9001,134.4196,2.7,0,0,210,1
153,125.3047,134.3603,2.700001,0,0,150,1
150,126.6146,134.4893,2.749999,0,0,210,1
150,124.5539,134.6462,2.75,0,0,390,1
126,123.1113,131.1624,4.75,0,0,270,1
125,123.3582,135.1293,4.75,0,0,270,1
133,113.5,138.5,1.65,0,0,-270,1
133,113.5,137.5,1.65,0,0,-270,1
133,113.5,131.5,1.65,0,0,-270,1
133,113.5,132.5,1.65,0,0,-270,1
150,126.5843,128.2537,2.5,0,0,60,1
76,112.5,131.5,1.65,0,0,990,1
77,112.5,140.5,1.65,0,0,1350,1
77,112.5,143.5,1.65,0,0,1350,1
77,112.5,136.5,1.65,0,0,990,1
77,112.5,133.5,1.65,0,0,990,1
76,112.5,138.5,1.65,0,0,990,1
126,127.1619,131.2078,4.75,0,0,90,1
125,127.1848,135.2062,4.75,0,0,180,1
133,113.5,133.5,1.65,0,0,1170,1
133,113.5,134.5,1.65,0,0,1170,1
20,113.6447,135.3613,3.1,-65,0,960,1
129,114,141,1.65,0,0,1890,1
127,113.5,139.5,1.65,0,0,2250,1
116,117.5,143.5,1.65,0,0,2160,1
116,114,141,1.65,0,0,2250,1
116,114,143,1.65,0,0,1920,1
72,112.3608,131.5019,4.2,0,0,1470,1
133,113.5,129.5,1.65,0,0,2520,1
133,115.5,141.5,1.65,0,0,2610,1
133,115.5,140.5,1.65,0,0,2610,1
133,122.5,143.5,1.65,0,0,2520,1
131,116.6189,142.13,2.449999,0,0,0,1
127,121.5,144,1.65,0,0,2160,1
127,119,144,1.65,0,0,2160,1
58,128,136.5,1.65,0,0,90,1
142,128,128.5,1.65,0,0,900,1
101,128,139,1.65,0,0,990,1
51,124.3989,149.1123,2.799999,0,0,720,1
58,117.5813,146.8557,1.85,-85,0,-420,1
93,127,146.5,1.65,0,0,900,1
93,126,146.5,1.65,0,0,900,1
133,127.5,148.5,1.65,0,0,-360,1
133,126.5,148.5,1.65,0,0,-360,1
76,112.5,149.5,1.65,0,0,900,1
76,112.5,149.5,1.65,0,0,990,1
77,125.5,149.5,1.65,0,0,1260,1
77,121.5,149.5,1.65,0,0,1260,1
77,118.5,149.5,1.65,0,0,1260,1
77,114.5,149.5,1.65,0,0,1260,1
76,112.5,145.5,1.65,0,0,1350,1
76,116.5,149.5,1.65,0,0,1260,1
77,112.5,147.5,1.65,0,0,1350,1
76,123.5,149.5,1.65,0,0,1260,1
20,122.5,147.5,1.65,-75,0,930,1
117,117.5,145,1.65,0,0,2070,0.8600001
98,123.5,146.5,1.65,0,0,-660,1
58,122.5,145.5,1.65,0,0,-660,1
132,120.3216,146.7944,4.449999,0,0,2160,1
132,119.0368,146.7396,4.7,0,0,2160,0.5600004
58,122.5215,144.5564,1.649999,0,0,-660,1
102,113.5,146,1.65,0,0,720,1
133,125.5,148.5,1.65,0,0,2520,1
93,128,146.5,1.65,0,0,900,1
23,124.5536,173.4619,1.65,0,0,507,1
23,127.6018,173.8053,1.65,0,0,747,1
23,121.477,174.1377,1.650001,0,0,747,1
23,126.7575,175.6902,1.65,0,0,747,1
9,112.7376,164.3241,1.301077,-10,0,3420,1
9,113.0852,171.4835,1.301078,-10,0,3600,1
9,116.905,173.882,1.301077,-10,0,3540,1
2,115.5,183.5,1.65,0,0,2850,1
27,114,186,1.65,0,0,2700,1
27,118,186,1.65,0,0,2700,1
26,118,188,1.65,0,0,2700,1
26,116,189,1.65,0,0,2700,1
26,114.5,182,1.65,0,0,2700,1
26,113.5,185.5,1.65,0,0,2700,1
26,114,188,1.65,0,0,2700,1
26,112.5,188.5,1.65,0,0,2700,1
26,113,185.5,1.65,0,0,2460,1
26,113,189.5,1.65,0,0,2400,1
26,115.5,185.5,1.65,0,0,2160,1
31,114.6879,183.512,1.25,10,0,2670,0.5600004
2,114.5,186.5,1.65,0,0,2700,1
2,117.5,189.5,1.65,0,0,2850,1
2,115.5,190.5,1.65,0,0,2880,1
2,112.5,183.5,1.65,0,0,2700,1
2,113.5,178.5,1.65,0,0,2700,1
9,121.7995,183.8881,1.301077,-10,0,2430,1
9,117.8189,189.3844,1.301077,-10,0,2430,1
9,124.6876,189.8175,1.301078,-10,0,2430,1
9,126.8101,177.7369,1.301077,-10,0,2430,1
9,121.3082,178.0952,1.301078,-10,0,3540,1
4,114,196.5,1.65,0,0,2880,1
2,117.5,201.5,1.65,0,0,2880,1
26,117,194,1.65,0,0,2220,1
26,113,194.5,1.65,0,0,2160,1
2,118.5,193.5,1.65,0,0,2700,1
2,121.5,195.5,1.65,0,0,2760,1
2,121.5,200.5,1.65,0,0,2940,1
3,113.5,199.5,1.65,0,0,2880,1
2,115.5,195.5,1.65,0,0,2880,1
5,113.5,195.5,1.65,0,0,2880,1
10,113.5,205.5,1.65,0,0,11,0.93
9,120.8485,198.1277,1.301077,-10,0,2430,1
10,113.5,218.5,1.65,0,0,360,1
10,114.5,222.5,1.65,0,0,360,1
21,119.1629,214.594,2.390701,10,0,1200,1
9,117.2117,222.7772,1.301077,-10,0,3060,1
9,114.2413,217.2183,1.301078,-10,0,3240,1
9,120.6048,214.5776,1.301078,-10,0,3240,1
9,125.1938,220.8062,1.301077,-10,0,3240,1
9,112.6239,208.4986,1.301077,-10,0,3240,1
66,128,210.5,1.65,-5,0,-90,1
66,128,214.5,1.65,-5,0,270,1
66,128,218.5,1.65,5,0,450,1
66,128,222.5,1.65,5,0,450,1
55,122.5,234,1.65,0,0,360,1
10,114,231,1.658413,0,0,360,1
10,119.5,236.5,2.385773,0,0,360,1
10,117.5,233.5,1.887655,0,0,360,1
10,122.5,238,3.008218,0,0,360,1
5,118.748,231.6378,1.431238,-50,0,300,1
10,118.0177,230.0299,1.650098,0,0,360,1
40,119.0241,230.422,1.150418,-20,0,390,1
40,119.5562,232.186,1.336056,5,0,390,1
10,123,237,3.191565,0,0,360,1
10,117.5172,227.2432,1.680556,0,0,360,1
20,120.4944,226.5377,1.640701,0,0,360,1
21,120.2772,228.7225,1.640701,70,0,480,1
21,120.217,230.2614,1.640701,75,0,390,1
21,126.255,231.1425,1.718587,75,0,390,1
9,125.4091,226.2211,1.301078,-10,0,3060,1
66,128,226.5,1.65,5,0,450,1
4,118.7851,243.3508,2.146343,-50,0,300,1
0,114.5,246.5,1.803987,5,0,-150,1
1,126,247,1.760084,5,0,-510,1
0,122.5,246,1.716491,5,0,-510,1
0,119,246,1.929969,0,0,-180,1
20,115.137,246.4417,2.195836,5,0,30,1
20,126.605,240.4528,3.960533,5,0,30,1
20,114.8016,242.1578,2.695994,5,0,30,1
9,122.3241,245.8079,1.60521,-10,0,2460,1
20,138.2142,24.94341,2.827724,-20,0,240,1
8,142,28,1.65,0,0,3660,1
8,141,20.5,1.647727,0,0,3660,1
8,130.5,17,1.65,0,0,3660,1
24,134.5,25.5,1.65,5,0,1050,1
20,135.6904,42.18282,2.827725,-20,0,240,1
9,140.1792,45.79209,1.301077,10,0,4380,1
24,134.5,34,1.65,5,0,1050,1
24,133.5,48,1.727255,5,0,1050,1
21,131.3897,51.96147,1.785578,0,0,60,1
81,130,51.5,1.804684,0,0,-150,1
81,131.5,52.5,1.781359,0,0,-150,1
81,132.5,54,1.77,0,0,-120,1
81,132.5,56,1.74583,0,0,-90,1
81,132.5,58,1.690631,0,0,-90,1
81,132.5,60,1.663761,0,0,-90,1
81,132.5,62,1.656153,0,0,-90,1
58,129.5,56.5,1.65,0,0,0,1
58,129.5,57.5,1.65,0,0,0,1
58,128.5,60.5,1.65,0,0,0,1
58,129.5,60.5,1.649999,0,0,0,1
20,142.0861,48.80066,2.854734,-20,0,240,1
9,133.8703,53.66138,1.423024,10,0,4380,1
81,132.5,64,1.65,0,0,-90,1
20,130.766,74.33152,1.65,0,0,0,1
21,131.9653,71.45524,2.200001,25,0,120,1
81,130,78,1.65,0,0,630,1
81,130,76,1.65,0,0,630,1
81,130,74,1.65,0,0,630,1
81,130.5,72,1.65,0,0,660,1
81,132.5,66,1.65,0,0,-90,1
81,132,68,1.65,-5,0,-240,1
81,130,70.5,1.65,0,0,570,1
81,128.5,69.5,1.65,0,0,570,1
81,129.5,67,1.65,0,0,720,1
81,131.5,67,1.65,0,0,720,1
58,129.5,64.5,1.65,0,0,0,1
58,129.5,65.5,1.65,0,0,0,1
58,129.5,66.5,1.65,0,0,0,1
58,128.5,64.5,1.65,0,0,0,1
50,128.5,68.5,1.65,0,0,0,1
9,133.3232,72.92957,1.301077,10,0,4380,1
81,130,80,1.65,0,0,630,1
80,131.5483,94.01665,1.681337,0,0,180,1
32,143.3666,89.87834,1.2,-5,0,0,1
25,137,88.5,1.65,-5,0,270,1
25,137.5,89,1.65,-5,0,210,1
80,136.4641,93.98598,1.738625,0,0,0,1
25,140.5,81,1.65,0,0,0,1
24,140.5,87,1.65,0,0,0,1
21,143,88,1.65,0,0,210,1
20,130.4769,82.4314,1.65,0,0,0,1
81,130,82,1.65,0,0,630,1
127,131.5,89.5,1.65,0,0,2520,1
127,136.5,89.5,1.65,0,0,2520,1
57,129.6398,87.92242,1.65,0,0,0,1
25,144,82,1.65,0,0,0,1
21,144,82,1.65,0,0,210,1
80,136.4553,101.9612,1.747246,0,0,0,1
80,131.5418,102.013,1.672037,0,0,180,1
83,137,108,1.65,0,0,990,1
83,137,110,1.65,0,0,990,1
75,134,107,1.65,0,0,0,1
76,137.5,106.5,1.65,0,0,0,1
77,139.5,106.5,1.65,0,0,0,1
77,142.5,106.5,1.65,0,0,0,1
76,130.5,106.5,1.65,0,0,0,1
77,128.5,106.5,1.65,0,0,0,1
21,138.2058,105.042,1.784852,55,0,0,1
23,138,110.5,1.65,0,0,1170,1
128,142,110,1.65,0,0,1800,1
127,143.2817,108.1652,2.7,0,0,1890,1
127,143.2236,111.3843,2.65,0,0,-630,1
72,130.4014,106.3831,4.2,0,0,1470,1
72,137.3118,106.4654,4.2,0,0,1470,1
133,132.5,106.5,1.65,0,0,2610,1
83,137,112,1.65,0,0,990,1
123,129,124,1.65,0,0,630,1
124,129.5,120.5,1.65,0,0,450,1
58,128.557,120.1283,1.7,0,0,1080,1
96,129.3846,122.267,3.349999,0,0,2340,1
122,129.5,126,1.65,0,0,810,1
109,129.7225,120.8099,1.77228,0,0,-720,0.5400004
83,137,114,1.65,0,0,990,1
83,139,116,1.65,0,0,1260,1
82,137.5,115.5,1.65,0,0,1260,1
83,141,126,1.65,0,0,0,1
20,142.2042,125.4077,1.85,-175,0,900,1
82,136.5,121.5,1.65,0,0,2160,1
82,136.5,123.5,1.65,0,0,1530,1
84,137,122.5,1.65,0,0,2250,1
84,135,122.5,1.65,0,0,2070,1
82,135.5,123.5,1.65,0,0,1980,1
82,135.5,121.5,1.65,0,0,1710,1
24,136.2681,122.6307,1.65,0,0,420,1
23,136.2685,122.6735,1.649999,60,0,1500,0.6400003
23,138,114,1.65,0,0,810,1
24,138,114.5,1.65,0,0,1170,1
20,138.0095,122.3444,-0.4702033,0,0,780,1
129,128.1954,118.1468,1.65,0,0,2250,1
127,139.5,126.5,1.65,0,0,2160,1
127,142.5,126.5,1.65,0,0,2250,1
82,140.5,115.5,1.65,0,0,-270,1
84,141,114.5,1.65,0,0,-270,1
23,139.5,115,1.65,0,0,-360,1
20,142.8242,127.4656,3.249999,-35,0,600,1
25,142.625,127.8285,1.9,-55,0,630,1
121,129.5,128,1.65,0,0,810,1
83,143,128,1.65,0,0,90,1
83,139,128,1.65,0,0,270,1
24,141,128,1.65,0,0,540,1
105,141,128,1.65,0,0,-270,1
23,141.5,128,1.65,0,0,270,1
123,129,132,1.65,0,0,630,1
121,129.5,134,1.65,0,0,450,1
58,130.5,136.5,1.65,0,0,1080,1
58,130.5,135.5,1.65,0,0,1080,1
58,130.5349,135.8923,2.7,0,0,1080,1
66,140,141,1.65,0,0,720,1
66,138,143,1.65,0,0,2070,1
83,138,143,1.65,0,0,2250,1
124,129.4632,137.5071,1.65,0,0,180,1
83,143,143,1.65,0,0,1980,1
82,138.5,141.5,1.65,0,0,2070,1
83,140,141,1.65,0,0,2160,1
83,142,141,1.65,0,0,2160,1
133,141.5,140.5,1.65,0,0,720,1
133,140.5,140.5,1.65,0,0,720,1
133,139.5,140.5,1.65,0,0,720,1
133,138.5,140.5,1.65,0,0,720,1
84,141.5,143,1.65,0,0,-180,1
83,141,130,1.65,0,0,180,1
122,129.5,130,1.65,0,0,810,1
20,138.489,130.4852,1.85,-175,0,900,1
25,140.5,142,1.65,5,0,0,1.599999
90,143.0718,140.4406,0.5500001,0,0,2160,1
82,143.5,139.5,1.65,0,0,2160,1
82,142.5,139.5,1.65,0,0,2070,1
84,142,140.5,1.65,0,0,2430,1
22,143.4179,139.9021,2.099999,-60,0,2700,0.6000004
127,142.5,129.5,1.65,0,0,2250,1
127,139.5,129.5,1.65,0,0,2340,1
82,136.5,132.5,1.65,0,0,2160,1
82,135.5,132.5,1.65,0,0,1710,1
82,136.5,134.5,1.65,0,0,1530,1
84,137,133.5,1.65,0,0,1890,1
84,135,133.5,1.65,0,0,2070,1
82,135.5,134.5,1.65,0,0,1980,1
23,135.5,133.5,1.65,-20,0,600,0.7000003
66,144,141,1.65,0,0,2160,1
83,144,141,1.65,0,0,2160,1
20,144,140.5,1.65,5,0,0,1
84,144,140.5,1.65,0,0,2250,1
80,136.5148,155.0245,1.780134,0,0,0,1
80,131.5478,154.9891,1.706259,0,0,180,1
96,140.991,144.6644,3.3,0,0,810,1
115,143,147,1.65,0,0,2070,1
66,138,147,1.65,0,0,2070,1
83,138,145,1.65,0,0,2250,1
83,138,147,1.65,0,0,2250,1
84,138,148.5,1.65,0,0,2250,1
92,129.2637,146.5244,1.65,0,0,900,1
133,143.5,144.5,1.65,0,0,720,1
133,130.5,148.5,1.65,0,0,720,1
133,128.5,148.5,1.65,0,0,-360,1
133,129.5,148.5,1.65,0,0,-360,1
75,134,150,1.65,0,0,900,1
76,137.5,149.5,1.65,0,0,900,1
76,130.5,149.5,1.65,0,0,900,1
77,139.5,149.5,1.65,0,0,1260,1
77,142.5,149.5,1.65,0,0,1260,1
77,128.5,149.5,1.65,0,0,1260,1
133,132.5,149.5,1.65,0,0,810,1
133,137.5,148.5,1.65,0,0,720,1
23,139.7337,144.0737,1.65,0,0,0,1
72,137.4414,149.5951,4.2,0,0,1800,1
72,130.3922,149.5991,4.2,0,0,1470,1
80,136.511,163.0064,1.78315,0,0,0,1
80,131.5496,163.0009,1.702595,0,0,180,1
9,139.2565,169.3911,1.301078,-10,0,2430,1
9,142.1249,168.4188,1.240614,-10,0,2430,1
9,137.9066,174.4482,1.301078,-10,0,2370,1
81,131.5,168,1.65,0,0,3330,1
81,136.5,168,1.65,0,0,3330,1
81,136.5,170,1.65,0,0,3330,1
81,136.5,172,1.65,0,0,3330,1
81,131.5,170,1.65,0,0,3330,1
81,130.5,170.5,1.65,0,0,3270,1
23,135.3001,178.835,1.65,0,0,747,1
23,137.8873,186.2946,1.65,0,0,807,1
9,135.331,181.9871,1.301078,-10,0,2430,1
9,130.5574,183.9388,1.301078,-10,0,2430,1
9,141.9163,178.9125,1.301077,-10,0,2310,1
50,141.5,192.5,1.65,0,0,1500,1
50,137.5,192.5,1.65,0,0,1500,1
23,137.453,195.6775,1.65,0,0,807,1
23,138.0755,205.004,1.650001,0,0,807,1
23,143.1014,196.0831,1.650001,0,0,1107,1
23,136.0361,199.4114,1.65,0,0,1107,1
23,138.1228,203.9974,1.65,35,0,1347,1
66,131.0807,207.989,1.65,-5,0,-180,1
24,137.5126,206.7174,1.65,35,0,1857,1
68,138.0004,207.8221,1.649999,0,0,90,1
9,134.81,192.0808,1.301078,-10,0,2430,1
9,132.3537,198.7196,1.301077,-10,0,2430,1
66,135,208,1.65,-5,0,-180,1
43,137,208,1.65,0,0,0,1
68,143,208,1.65,0,0,90,1
65,128.5,208,1.65,-5,0,-900,1
43,144,208,1.65,0,0,0,1
50,142.5,212.5,1.65,5,0,390,1
46,130.5,215,1.65,5,0,360,1
46,134.5,215.5,1.649999,5,0,180,1
44,132,219,1.65,5,0,540,1
50,137.5,212.5,1.65,5,0,390,1
23,131.5283,214.5716,1.650001,35,0,1347,1
23,135.4286,210.4576,1.650001,35,0,1647,1
23,138.6252,213.9877,1.65,35,0,1647,1
23,138.3355,214.5807,1.65,35,0,1707,1
24,134.7953,215.2729,1.65,35,0,1857,1
24,132.5984,218.0789,1.650001,35,0,1857,1
24,132.7789,223.5093,1.65,35,0,1857,1
24,143.736,214.9158,1.650001,35,0,1857,1
23,135,209.5,1.65,35,0,1707,1
45,143.4568,216.2522,1.2,30,0,300,1
45,137.6498,214.9874,1.400001,-30,0,300,1
46,136.4736,218.5396,1.649999,5,0,390,1
46,134.5,210.5396,1.65,5,0,360,1
44,130.8876,211.5793,1.65,5,0,330,1
46,130.641,215.8084,1.649999,5,0,390,1
43,137,228,1.65,5,0,360,1
50,142.5,224.5,1.65,5,0,390,1
50,137.5,224.5,1.65,5,0,390,1
68,143,228,1.65,0,0,90,1
68,138,228,1.65,0,0,90,1
42,137.5,234.5,1.65,5,0,450,1
42,142.5,231.5,1.65,5,0,270,1
42,137.2315,236.896,0.9999998,20,0,780,1
42,137.284,231.1417,1.2,30,0,510,1
21,132.7407,237.8087,2.774371,5,0,30,1
21,130.5014,233.1416,2.839154,55,0,780,1
23,133.6323,224.1739,1.650001,35,0,1347,1
24,137.9935,231.2362,1.650001,35,0,1857,1
24,137.9951,235.7602,1.65,35,0,1857,1.42
24,136.7241,234.8535,1.650001,5,0,1857,1
66,134.6832,228.3999,1.397506,-5,0,-540,1
10,128.714,233.5238,2.163388,-5,0,510,1
45,132.0463,224.7511,-9.155273E-07,-45,0,300,1
45,132.239,225.5303,1.699999,-65,0,240,0.7200003
43,144,228,1.65,5,0,360,1
0,129.5,244.5,1.742373,0,0,-210,1
1,133.5,244.5,1.776616,5,0,-150,0.6200004
1,138.5,245,2.143594,5,0,-90,1
0,142.5,246,2.473164,0,0,1470,1
20,136.7634,240.74,2.576099,5,0,30,1
9,131.07,243.6913,1.434968,-10,0,2460,1
9,138.8967,243.461,1.71859,-10,0,2460,1
20,146.3349,17.43279,2.750569,-20,0,240,1
20,156.646,25.89781,2.827725,-20,0,240,1
8,159,27,1.65,0,0,3660,1
8,151.5,20.5,1.65,0,0,3660,1
24,147.5,24.5,1.65,5,0,1050,1.48
24,148,20.5,1.65,5,0,1230,1
32,149,89.5,1.65,-5,0,120,1
25,157,89.5,1.65,-5,0,240,1
25,155.5,89,1.65,-5,0,210,1
25,149.5,87.5,1.65,-5,0,210,1
25,150.5885,82.79018,2.399999,0,0,0,1
25,148.4181,82.52316,2.399999,0,0,0,1
25,146.5,82.5,1.65,0,0,0,1
24,159.5,92.5,1.65,0,0,0,1
24,153,89,1.65,0,0,0,1
24,145,88,1.65,0,0,0,1
21,149,87.5,1.65,0,0,210,1
9,147.671,81.71685,1.301077,10,0,4380,1
51,155.9081,111.0574,2.799999,0,0,450,1
76,144.5,106.5,1.65,0,0,0,1
77,146.5,106.5,1.65,0,0,0,1
76,155.5,106.5,1.65,0,0,0,1
76,155.5,106.5,1.65,0,0,90,1
77,153.5,106.5,1.65,0,0,0,1
77,149.5,106.5,1.65,0,0,0,1
76,151.5,106.5,1.65,0,0,0,1
77,155.5,109.5,1.65,0,0,1170,1
76,155.5,107.5,1.65,0,0,1170,1
127,145.5,107.5,1.65,0,0,1890,1
50,145.5,107.5,1.65,0,0,420,1
91,144.3818,111.8267,1.95,0,0,-720,1
103,152.5,108,1.65,0,0,1890,0.5400004
80,159.9633,125.513,1.676789,0,0,-90,1
82,148.9821,123.262,-1.8,0,0,1230,1
82,146.3403,121.5275,-0.4500002,205,0,1230,1
83,147,124,1.65,0,0,0,1
83,149,124,1.65,0,0,0,1
21,156.8898,122.0135,0.3820271,-50,0,1020,1
21,157.1797,125.0602,0.3107745,-50,0,1020,1
21,158.5158,122.5605,0.2249998,-50,0,1020,1
21,157.8465,116.0297,0.2249999,-50,0,1020,1
21,157.3868,124.0586,0.225,5,0,660,1
21,158.3626,123.639,0.2250001,5,0,480,1
82,150.4386,117.5847,-1.8,0,0,1230,1
83,150,118,1.65,0,0,1260,1
83,152,118,1.65,0,0,1260,1
83,148,118,1.65,0,0,1260,1
83,154,118,1.65,0,0,1260,1
76,155.5,124.5,1.65,0,0,810,1
77,155.5,112.5,1.65,0,0,1170,1
77,155.5,116.5,1.65,0,0,1170,1
77,155.5,119.5,1.65,0,0,1170,1
78,155.5,122.5,1.65,0,0,1170,1
76,155.5,114.5,1.65,0,0,1170,1
82,146.5,117.5,1.65,0,0,900,1
82,150.5,124.5,1.65,0,0,1800,1
82,150.5,125.5,1.65,0,0,1530,1
83,147,126,1.65,0,0,180,1
83,149,126,1.65,0,0,180,1
22,153.5,117,1.65,0,0,840,1
23,150.5,117,1.65,0,0,1080,1
24,150,116,1.65,0,0,1770,1
20,145.783,117.9142,1.95,-175,0,840,1
24,148.021,124.9938,1.65,0,0,360,1
24,149.6387,124.9544,1.65,0,0,1770,1
23,144.6293,126.2988,-0.0499997,0,0,1230,1
51,155.7608,118.0247,2.799998,0,0,450,1
50,145.5,112.5,1.65,0,0,420,1
127,145.5,112.5,1.65,0,0,1890,1
82,145.5,125.5,1.65,0,0,1980,1
82,145.5,124.5,1.65,0,0,1710,1
23,147,125,1.65,0,0,1080,1
110,152.0651,113.0379,0.7000003,0,0,-360,1
21,152,112.5,1.65,0,0,1620,1
108,146,116.5,1.65,-10,0,390,0.4400004
24,146,116,1.65,0,0,1620,0.6600003
72,155.4293,124.4994,4.200001,0,0,1890,1
107,147,117,1.65,0,0,390,1
75,155,128,1.65,0,0,810,1
68,150,141,1.65,0,0,810,1
67,154.5,141,1.65,0,0,900,1
68,146,141,1.65,0,0,810,1
23,153,143,1.65,0,0,2070,1
66,152,141,1.65,0,0,1080,1
83,147,130,1.65,0,0,0,1
83,149,130,1.65,0,0,0,1
51,155.7972,135.3981,2.799999,0,0,450,1
133,155.5,129.5,1.65,0,0,-360,1
76,155.5,131.5,1.65,0,0,810,1
78,155.5,133.5,1.65,0,0,1170,1
77,155.5,136.5,1.65,0,0,1170,1
77,155.5,140.5,1.65,0,0,1170,1
77,155.5,143.5,1.65,0,0,1170,1
76,155.5,138.5,1.65,0,0,1170,1
133,146.5,141.5,1.65,0,0,-270,1
82,150.5,130.5,1.65,0,0,2160,1
82,150.5,131.5,1.65,0,0,1170,1
83,147,132,1.65,0,0,180,1
83,149,132,1.65,0,0,1620,1
82,150.5,142.5,1.65,0,0,1620,1
82,150.5131,141.5131,0,0,0,990,1
82,145.5,142.5,1.65,0,0,1530,1
84,144.5,143,1.65,0,0,1620,1
82,145.5,141.5,1.65,0,0,720,1
133,145.5,140.5,1.65,0,0,720,1
133,144.5,140.5,1.65,0,0,0,1
84,151.5,143,1.65,0,0,-180,1
82,150.5,141.5,1.65,0,0,630,1
83,152,141,1.65,0,0,2160,1
83,153.5,141,1.65,0,0,2160,1
133,153.5,140.5,1.65,0,0,720,1
133,150.5,140.5,1.65,0,0,720,1
24,147.1839,131.4547,1.65,0,0,360,1
23,144.0991,141.8348,1.65,0,0,0,1
90,152.0977,140.4595,0.3499997,0,0,1080,1
22,152.3595,139.8687,2.1,-15,0,750,0.5600004
82,152.5,139.5,1.65,0,0,720,1
82,151.5,139.5,1.65,0,0,630,1
84,151,140.5,1.65,0,0,630,1
84,153,140.5,1.65,0,0,810,1
82,145.5,131.5,1.65,0,0,1980,1
82,145.5,130.5,1.65,0,0,2430,1
23,147.5035,130.8661,1.649999,0,0,1080,1
23,149.2261,130.8454,1.649999,0,0,1080,1
72,155.5692,131.3344,4.2,0,0,1890,1
80,159.9842,130.4744,1.651785,0,0,90,1
20,153.1521,146.2369,4.4,0,0,0,1
20,153.7185,144.7887,2.95,60,0,0,0.6200004
115,152.3187,146.972,1.65,0,0,2070,1
102,148.5,147,1.65,0,0,900,1
102,149.132,146.75,3.05,0,0,900,1
99,146.6675,146.6181,1.65,0,0,2160,1
111,144.3187,144.6173,1.65,10,0,1980,1
51,155.9462,144.9861,2.799998,0,0,450,1
133,145.5,144.5,1.65,0,0,720,1
76,155.5,149.5,1.65,0,0,900,1
76,155.5,149.5,1.65,0,0,810,1
77,155.5,147.5,1.65,0,0,1170,1
77,153.5,149.5,1.65,0,0,1260,1
77,149.5,149.5,1.65,0,0,1260,1
77,146.5,149.5,1.65,0,0,1260,1
76,144.5,149.5,1.65,0,0,1260,1
76,151.5,149.5,1.65,0,0,1260,1
76,155.5,145.5,1.65,0,0,1170,1
9,156.4075,165.8143,1.301077,-10,0,2400,1
9,150.3956,167.1599,1.154534,-10,0,2460,1
9,154.9176,183.2329,1.301077,-10,0,2130,1
9,159.9631,178.0712,1.301077,-10,0,2280,1
9,154.1563,177.2206,1.301078,-10,0,2430,1
9,147.8062,178.9636,1.301078,-10,0,2430,1
9,148.6743,183.2029,1.301078,-10,0,2310,1
9,144.8871,188.0887,1.301077,-10,0,2310,1
9,158.5799,183.6913,1.301077,-10,0,2370,1
20,155,199,1.65,0,0,750,1
23,145.2184,204.9612,1.65,0,0,807,1
23,144.3394,204.9242,1.650001,35,0,1347,1
9,158.5866,193.5151,1.651077,0,0,2130,1
9,148.7527,192.8821,1.301077,-10,0,2310,1
9,151.8655,196.069,1.301078,-10,0,2370,1
66,146.5,208,1.65,0,0,0,1
65,149,208,1.65,0,0,-810,1
66,147.7054,222.0672,1.7,20,0,300,1
10,149,221,1.65,0,0,159,1.01
23,149.4616,212.4906,1.650001,0,0,1017,1
23,149.3274,219.1646,1.65,0,0,1017,1
66,149,210.5,1.65,0,0,450,1
66,149,214.5,1.65,0,0,450,1
66,149.5018,219.9717,0.7000005,-30,0,390,1
24,159,209.5,1.65,20,0,1530,1
23,145,215.5,1.65,35,0,1347,1
20,153.5156,233.2256,2.55,5,0,120,1
21,151.471,228.178,2.55,5,0,30,1
21,146.2744,237.0212,2.782084,5,0,30,1
24,145.1734,227.4252,1.65,35,0,1857,1
9,149.9939,239.4559,1.331169,-10,0,2460,1
9,157.2933,237.6786,1.458189,-10,0,2700,1
0,146,246,1.967823,0,0,1470,1
0,155.5,247,2.419205,0,0,1470,1
1,150.5,246,1.770972,0,0,1320,1
0,160,247.5,2.99007,0,0,1470,1
24,175.5,13.5,1.65,5,0,1230,1
20,166.0676,17.72827,2.827724,-20,0,240,1
20,173.4359,17.80469,2.827725,-20,0,240,1
8,165.5,16.5,1.65,0,0,3660,1
24,162.5,21.5,1.65,5,0,1230,1
24,168,21.5,1.65,5,0,1230,1
24,170.5,19,1.65,5,0,1230,1
70,175,20,1.704949,0,0,-180,1
70,171,29.5,1.751762,0,0,-90,1
70,168.9387,23.86707,-0.1340036,-50,0,-390,1
71,173.5461,27.00505,-0.1340039,-50,0,-390,1
70,171,36,1.673327,0,0,-90,1
70,169.4656,40.96791,0.9167898,-60,0,-60,1
74,164.8751,47.59483,2.072048,110,0,120,1
99,174,38,1.65,0,0,-630,1
102,173,47.5,1.754535,0,0,-1140,0.6600003
111,173,33,1.64729,-20,0,-990,1
102,172.4304,33.7399,1.649434,0,0,-1110,0.7200003
102,174.5,48,1.739857,0,0,-1080,0.7400002
25,172,92.5,1.65,-5,0,210,1
25,170,91.5,1.65,-5,0,210,1
25,174.5,94,1.649999,-5,0,210,1
25,165,93.5,1.65,-5,0,240,1
25,162,92.5,1.65,-5,0,240,1
25,165.5,89,1.65,-5,0,210,1
25,161,86.5,1.65,0,0,0,1
25,175.5,96,1.65,-5,0,240,1
31,166.6653,98.62633,1.2,-5,0,30,1
30,170.4063,98.07573,1.2,-5,0,240,1
32,167.6806,98.7154,1.2,-5,0,60,1
23,172.5073,98.43443,1.2,-5,0,60,1
23,168.6149,96.67923,1.2,-5,0,60,1
25,172.5,106,1.65,-5,0,60,1
25,172,101.5,1.65,-5,0,120,1
25,171,104.5,1.65,-5,0,120,1
25,170.5,96.5,1.65,-5,0,210,1
24,172,99,1.65,0,0,150,1
21,174.5,109.5,1.65,0,0,210,1
32,173,111.5,1.65,-30,0,210,1
81,172,110,1.65,0,0,210,1
81,171,108.5,1.65,0,0,240,1
81,170,107,1.65,0,0,240,1
81,169,105.5,1.65,0,0,240,1
21,176,112,1.65,-30,0,210,1
80,167.9505,125.5124,1.675919,0,0,-90,1
7,172.5029,119.3444,1.65,5,0,540,0.8200002
21,169.7403,123.3522,0.2250002,5,0,540,1
21,170.2778,122.5479,0.2249998,5,0,480,1
23,173.2493,122.4855,1.65,5,0,480,1
24,170.7852,122.7117,0.2250004,5,0,390,1
25,173.212,119.3312,1.65,5,0,420,1
40,172.5,125.5,1.65,0,0,2610,1
10,173,123,1.65,0,0,420,1
81,173.2466,124.4338,1.65,0,0,480,1
81,174.2459,122.7341,1.65,0,0,480,1
81,174.8275,121.0001,1.65,0,0,450,1
95,163.9021,125.3986,2.342968,0,0,450,1
20,175.5,119,1.65,0,0,360,1
81,174.5,119,1.65,0,0,420,1
81,174.5,117,1.65,0,0,480,1
81,174.5,115.5,1.65,0,0,420,1
58,175.5,123,1.65,0,0,870,1
58,175.5,122,1.65,0,0,870,1
81,174.5231,113.8023,1.65,0,0,480,1
80,168.0112,130.4943,1.649989,0,0,90,1
10,173.2154,131.4758,1.9,0,0,420,1
23,174.1285,131.7889,1.65,5,0,390,1
40,172.5,130.5,1.65,0,0,2610,1
81,174.5,131,1.65,0,0,1830,1
33,173,130.5,1.65,5,0,540,1
95,163.9379,130.6328,2.298211,0,0,450,1
10,174.5,140.5,1.65,0,0,450,1
133,172.5,129.5,1.65,0,0,-360,1
10,174.5,136.5,1.65,0,0,450,1
97,176,129.5,1.65,0,0,750,1
10,170.5,147.5,1.65,0,0,1530,1
10,171,152.5,1.65,0,0,1530,1
10,171,155,1.65,0,0,1530,1
10,173.5,158,1.65,0,0,1530,1
10,174.5,160.5,1.65,0,0,1650,1
20,173.7077,169.4389,1.474999,30,0,1440,1
20,167.7669,163.8857,1.644307,30,0,1440,1
25,175,173,1.65,30,0,2790,1
9,173.9066,172.8917,1.651077,0,0,2130,1
9,171.3144,171.1099,1.651078,0,0,2130,1
9,160.7753,170.1822,1.301077,-10,0,2430,1
9,163.581,165.9466,1.298675,-10,0,2400,1
5,172.5,183.5,1.65,0,0,540,1
5,169.5,190.5,1.65,0,0,540,1
5,164.5,191.5,1.65,0,0,660,1
5,175.5,191.5,1.65,0,0,660,1
5,174.6081,178.6968,1.800001,-90,0,720,1
7,169.5,188.5,1.65,0,0,810,1
8,170,186,1.65,0,0,810,1
8,161.5,191,1.65,0,0,900,1
20,173.3174,191.0819,2.6,0,0,750,1
20,170.7632,186.0938,2.599999,0,0,750,1
20,169.989,186.801,2.6,0,0,750,1
20,162.2503,191.0604,2.6,0,0,750,1
21,167.7453,189.9487,3,-60,0,-150,1
21,174.8714,181.3489,3,-60,0,-150,1
21,161.739,191.0182,3,-60,0,-150,1
9,175.2489,190.9517,1.651077,0,0,2190,1
9,169.963,188.9693,1.651078,0,0,2190,1
9,172.6041,183.391,1.651077,0,0,2190,1
9,162.7401,181.1384,1.301078,-10,0,2400,1
9,166.7477,177.3753,1.301077,-10,0,2400,1
25,176,177.5,1.65,30,0,2790,1
5,171.5,197.5,1.65,0,0,660,1
9,166.5,196,1.65,0,0,1050,1
20,167.0576,195.9844,2.6,0,0,750,1
20,166.4414,196.3371,2.6,0,0,750,1
20,162,203.5,1.65,0,0,750,1
21,172.0813,197.5249,3,-60,0,-150,1
9,173.437,203.6419,1.651078,0,0,2220,1
20,167.5,208,1.65,0,0,750,1
20,172,213.5,1.65,0,0,750,1
9,166.7637,211.1944,1.651077,0,0,2130,1
9,166.0344,216.3497,1.651077,0,0,2220,1
9,173.4066,222.2167,1.301078,-10,0,2790,1
9,175.4805,216.5654,1.301077,-10,0,3060,1
20,171.264,225.6265,2.55,5,0,120,1
21,163.1083,233.073,2.715267,5,0,120,1
20,162.4696,238.7122,2.55,5,0,120,1
9,173.9134,231.1182,1.651077,0,0,2220,1
9,165.4427,230.3925,1.426456,-10,0,2790,1
9,169.2049,234.3362,1.301078,-10,0,2790,1
0,171.5,248.5,2.299073,0,0,1470,1
1,162,250,2.799963,0,0,1320,1
1,175.5,247,2.006953,0,0,1320,1
1,168.5,247.5,2.285965,0,0,1320,1
0,164.5,247,2.296926,0,0,1470,1
32,190.2068,11.07732,1.618229,0,0,-240,1
31,189.8922,14.77936,1.612419,0,0,-240,1
30,187.0737,7.566018,1.666759,0,0,-240,1
20,189.7148,8.539894,3.41861,-20,0,240,1
21,183.0412,12.56981,2.827725,-20,0,240,1
21,183.0312,9.302197,2.859126,-20,0,240,1
8,178.5,11,1.65,0,0,3570,1
21,186.1115,17.30799,2.832344,-20,0,240,1
8,185.5,21,1.678613,0,0,3570,1
24,180.5,18,1.65,5,0,1230,1
69,181,20,1.651825,0,0,0,1
70,189.0395,30.02932,1.80131,0,0,90,1
71,178.9795,25.39433,1.194731,0,0,-360,1
102,180.5,24.5,1.920248,0,0,-1110,0.6000004
9,184.3397,46.37454,1.301077,0,0,3960,1
8,189,47.5,1.65,0,0,3570,1
74,181.8171,41.52783,1.9,110,0,90,1
101,179.5,46.5,1.65,0,0,-780,1
103,180.5,41,1.65,-5,0,-1080,0.5600004
130,180.5,41,1.65,-20,0,-990,1
130,179.7444,40.8854,1.65,-20,0,-990,1
52,180.2294,41.56693,1.649999,-20,0,-990,1
52,180.145,40.85202,1.65,-20,0,-990,1
9,185.2132,61.09105,1.431048,0,0,3960,1
9,187.5361,52.66823,1.308036,0,0,3960,1
9,184.6739,75.30152,1.301078,0,0,3900,1
9,188.1964,66.71506,1.326722,0,0,3900,1
20,190.3341,82.31915,2.827725,-20,0,240,1
20,187.5113,93.09012,2.827725,-20,0,240,1
9,191.0451,83.8552,1.301077,10,0,4380,1
9,186.3703,91.26852,1.301077,10,0,4380,1
31,188.5,86.5,1.65,355,0,1530,1
25,177.5,109.5,1.65,-5,0,60,1
25,183,108.5,1.649999,-5,0,120,1
25,182.5,111.5,1.65,-5,0,120,1
25,176.5,101,1.65,-5,0,120,1
24,177.5,103.5,1.65,0,0,0,1
24,180.5,102.5,1.649999,0,0,150,1
20,188.2629,102.333,2.827725,-20,0,240,1
9,182.9973,99.78429,1.301078,0,0,3900,1
9,190.5815,99.17702,1.301077,10,0,4380,1
9,184.1864,108.6313,1.301077,10,0,4380,1
32,190.0222,125.7625,1.65,5,0,420,1
20,190.5,124.5,1.649999,0,0,360,1
24,182.5,121.5,1.65,0,0,360,1
24,190,124,1.65,0,0,390,1
24,188.5,127,1.65,0,0,360,1
31,181.5,122.5,1.65,5,0,450,1
24,184.5791,125.7989,1.65,0,0,540,1
24,182.5382,124.9041,1.65,0,0,360,1
21,182.602,120.8812,2.9,30,0,1440,1
23,188.5,120,1.65,30,0,2370,1
25,181.5,115.5,1.65,-5,0,120,1
20,184.426,114.2379,2.827724,-20,0,240,1
9,185.2487,123.4731,1.301078,0,0,3900,1
25,177.8225,112.7995,1.65,-5,0,120,1
52,184,134.5,1.65,0,0,90,1
34,184,134.5,1.649999,5,0,420,1.5
56,183,139,1.65,5,0,330,1
81,176.1475,131.5243,1.649999,0,0,360,1
81,177.4707,132.434,1.649999,0,0,420,1
20,180.5,135.5,1.65,0,0,360,1
24,186.5,140.5,1.65,0,0,450,1
24,180,136.5,1.65,0,0,450,1
24,177,134.5,1.65,0,0,390,1
26,188,142.5,1.65,5,0,450,1
30,191,134.5,1.65,5,0,450,1
59,185.1665,140.0647,1.649999,0,0,1860,1
58,184.5,138.5,1.65,0,0,360,1
81,179,133,1.65,0,0,360,1
21,188.5378,133.647,2.9,30,0,1440,1
10,182.5,141.5,1.65,0,0,450,1
27,176.5,130,1.65,-30,0,210,1
6,178,130.5,1.65,0,0,300,1
21,178,130.5,1.65,0,0,240,1
23,184.3616,131.8442,1.65,0,0,0,1
22,181.6792,135.3278,1.65,0,0,0,1
6,182.5,133.5,1.65,0,0,-150,0.5200005
6,185.5,135.5,1.65,0,0,-150,0.3800004
25,185.5,136.5,1.65,0,0,0,1
6,184.5,132.5,1.65,0,0,0,0.5400004
10,177.5,142.5,1.65,0,0,450,1
10,185.5,142.5,1.65,0,0,450,1
10,178.5,136.5,1.65,0,0,450,1
116,184.5,140.5,1.65,0,0,2550,0.7600002
24,188,144,1.65,0,0,450,1
24,192,134,1.65,0,0,450,1
33,192,132.5,1.65,5,0,1860,1
10,185.5,146.5,1.65,0,0,450,1
23,188.5,152,1.65,0,0,1530,1
23,187,152,1.65,0,0,1440,1
23,190,158.5,1.65,0,0,1440,1
10,188.6907,147.31,1.650001,0,0,450,1
10,180.5,147.5,1.65,0,0,450,1
23,192,157.5,1.65,30,0,2910,1.4
85,178.2152,174.9872,1.88177,0,0,-90,1
85,182.2101,175.0192,1.85,0,0,-90,1
30,183,172.5,1.65,5,0,780,0.8200002
31,176.5,173.5,0.5652926,5,0,780,1
20,176.7932,172.9655,1.070575,30,0,1530,1
20,181.1968,171.4998,2.25,30,0,1470,1
20,181.5823,172.0564,2.35,30,0,1560,1
24,182.5,170,1.65,30,0,2460,1
24,185.5,173,1.65,30,0,2460,1
24,189.5,170,1.65,30,0,2550,1
26,184.5,172,1.65,30,0,2910,1
26,186.5,173,1.65,30,0,2910,1
23,189.5,162,1.65,30,0,2910,1
10,179.5,164.5,1.65,0,0,1530,0.8600001
10,180.5,168.5,1.680985,0,0,450,1
85,178.0074,176.7995,1.95,0,0,90,1
85,181.9913,176.8194,1.95,0,0,90,1
10,184.5,177,1.65,0,0,1530,1
20,178.1779,178.6008,2.077604,30,0,1440,1
24,186.5,178,1.65,30,0,2550,1
24,185,177.5,1.65,30,0,2460,1
25,185,176.5,1.65,30,0,2880,1
25,186,177.5,1.65,30,0,2880,1
26,185.5,176.5,1.65,30,0,2910,1
26,188,177,1.65,30,0,2910,1
10,189,181.5,1.65,0,0,1320,1
10,190.5,182.5,1.65,0,0,1320,1
5,181.5,185.5,1.614432,0,0,540,1
5,176.5,177.5,1.65,0,0,660,1
5,177.4679,179.6902,1.8,-90,0,690,0.5000005
8,179,185.5,1.65,0,0,900,1
9,183,189.5,1.65,0,0,900,1
20,178.4773,185.0902,2.6,0,0,750,1
20,178.1139,182.6644,2.598291,0,0,750,1
9,176.7111,179.1839,1.651077,0,0,2190,1
10,192,185,1.65,0,0,1320,1
5,188,206.5,1.65,0,0,540,1
5,179.5,203.5,1.65,0,0,540,1
5,179.5,196.5,1.65,0,0,540,1
5,180.5,192.5,1.65,0,0,660,1
5,185.5,198.5,1.65,0,0,660,1
5,187.5,201.5,1.65,0,0,660,1
5,177.5,207.5,1.65,0,0,660,1
5,187.5,197.5,1.633641,-90,0,240,0.8200002
9,176.5,197.5,1.65,0,0,1050,1
21,188.2327,201.0446,3.000001,-60,0,-150,1
9,178.3191,206.1767,1.651078,0,0,2130,1
9,179.9803,202.3151,1.651077,0,0,2190,1
9,182.7203,193.6676,1.651077,0,0,2190,1
9,185.7069,198.4457,1.651077,0,0,2190,1
9,185.7147,192.781,1.001077,-10,0,2040,1
9,187.5469,197.6047,0.9869439,-10,0,2130,1
10,183.5,223.5,1.65,0,0,480,1
5,191.5,212.5,1.65,0,0,540,1
5,186.5,210.5,1.65,0,0,540,1
6,178.5,218.5,1.65,0,0,1230,0.5400004
20,182,222.5,1.65,0,0,750,1
20,178.6492,219.0245,2.55,5,0,120,1
24,184.1037,222.9138,1.651077,0,0,2130,1
9,186.771,211.9508,1.651078,0,0,2130,1
9,183.1691,214.8107,1.301078,-10,0,3060,1
9,189.2612,220.532,1.301078,-10,0,3060,1
9,192,218,1.65,0,0,480,1
5,189.5,226.5,1.65,5,0,0,1
5,187.5,229.5,1.65,5,0,120,1
8,191.7539,230.3732,1.649999,5,0,120,1
9,187,226.5,1.65,0,0,480,1
9,179,231,1.687493,0,0,480,1
20,187.7811,226.0056,3.000001,0,0,-360,1
20,189.2987,234.4562,3.000001,0,0,-360,1
20,179.0423,226.1516,2.55,5,0,120,1
9,188.5542,230.7024,1.651077,0,0,2220,1
0,191,248.5,2.408238,0,0,1470,1
0,185.5,248,2.040648,0,0,1470,1
0,181,247.5,1.662934,0,0,1470,1
32,205.0004,13.67323,1.6,0,0,30,1
30,203.395,14.48893,1.622241,0,0,-240,1
32,202.642,10.43004,1.63433,0,0,90,1
31,204.8685,9.545493,1.608577,0,0,90,1
20,192.0207,9.602472,3.29831,-20,0,240,1
20,203.7324,8.190173,3.150638,-20,0,240,1
20,206.8041,7.199831,2.880621,-20,0,240,1
21,206.6479,13.32782,2.827725,-20,0,240,1
21,205.9787,8.732482,2.883544,-20,0,240,1
21,200.5989,9.356153,3.220726,-20,0,240,1
21,194.7154,9.451012,3.258881,-20,0,240,1
24,192.5,10.5,2.207855,5,0,1230,1
24,206,13.5,1.65,5,0,1230,1
24,206.5,9,1.65,5,0,1230,1
21,201.4085,25.00403,2.827725,-20,0,240,1
8,196,27,2.017356,0,0,3570,1
20,198.6021,37.06425,3.223746,-20,0,240,1
9,201.0747,35.26969,1.301077,0,0,4020,1
20,204.8326,63.76042,2.827725,-20,0,240,1
8,203.5,52.5,1.65,0,0,3480,1
8,201.5,50,1.65,0,0,3480,1
8,194,53,1.65,0,0,3480,1
8,192.5,56,1.65,0,0,3480,1
8,193.5,58.5,1.65,0,0,3480,1
8,196,59,1.65,0,0,3570,1
9,204.831,65.22929,1.301077,0,0,4050,1
9,197.7592,76.46958,1.301078,0,0,4050,1
9,203.3865,78.99889,1.301077,0,0,4230,1
20,201.8482,81.37705,2.827724,-20,0,240,1
25,192.5,122,1.65,0,0,360,1
30,197,127.5,1.65,5,0,900,0.6200004
32,196.5,127.5,1.65,5,0,1860,1
21,195,124,1.65,30,0,1440,1
25,203.5,127.5,1.65,30,0,3300,1.659999
25,205,127.5,1.65,30,0,3120,1
25,200,126,1.65,30,0,2940,1
25,200,127,1.65,30,0,2850,1
9,197.189,127.1169,1.301077,0,0,3900,1
23,192.5,128,1.65,30,0,2370,1
8,194.5,138,1.65,0,0,1650,1
21,198,132,1.65,30,0,1530,1
21,196.5,137.5,1.65,30,0,1530,1
23,198.5,142.5,1.65,30,0,2220,1
23,203.5,138.5,1.65,30,0,2220,1
23,205,142,1.65,30,0,2460,1
25,200.5,129.5,1.65,30,0,3300,1
25,197.5,139,1.65,30,0,3120,1
25,204,130,1.65,30,0,2940,1
25,206.5,142,1.65,30,0,2940,1
25,204.5,136.5,1.65,30,0,2940,1
27,197.5,138.5,1.65,30,0,2910,1
25,208,140,1.65,30,0,2970,1
32,204,153,1.65,5,0,1470,1
22,207.5,159.5,1.65,30,0,1530,1
23,200,149,1.65,30,0,2220,1
23,206.5,146.5,1.65,30,0,2220,1
25,205,152.5,1.65,30,0,2790,1
25,204,151.5,1.65,30,0,2910,1
23,198.5,153,1.65,0,0,1500,1
33,208,149,1.65,5,0,1800,1
24,192.5,169.5,1.65,30,0,2340,1
24,199,165.5,1.65,30,0,2280,1
24,196.5,168.5,1.65,30,0,2280,1
24,199.5,172,1.65,30,0,2280,1
24,197.5,174.5,1.65,30,0,2520,1
24,204,162,1.65,30,0,2640,1
24,206.5,168,1.65,30,0,2580,1
9,196.7506,163.5445,1.301077,-10,0,3540,1
24,192.5,176.5,1.65,30,0,2550,1
10,192.5,188.5,1.65,0,0,1320,1
20,203.714,179.7573,2.827725,-20,0,240,1
20,205.1165,186.293,2.827725,-20,0,240,1
20,205.1984,184.3412,2.827725,-20,0,240,1
22,205.5,205,1.65,30,0,1710,1
22,206.5,202.5,1.65,30,0,1950,1
24,205.5,206,1.65,-25,0,960,1
10,202.5,200.5,1.65,0,0,1230,1
10,203,202.5,1.65,0,0,1320,1
10,195.5,193.5,1.65,0,0,1320,1
10,196.5,195.5,1.65,0,0,1320,1
10,199.5,197.5,1.65,0,0,1320,1.32
10,204.5,206.5,1.65,0,0,1320,1
31,196,205.5,0.2249996,-5,0,-240,1
85,206.0281,216.9916,1.849999,0,0,900,1
85,206.0907,212.9223,1.900001,0,0,900,1
85,207.978,213.0141,1.89998,0,0,720,1
85,207.9579,217.0352,1.899987,0,0,720,1
5,195.5,217.5,1.649999,-5,0,120,1
5,196.5,220.5,1.65,-5,0,120,1
5,199.5,216.5,1.65,-5,0,120,1
6,198.5,219.5,1.65,-5,0,120,0.6600003
8,202.7981,217.8624,1.649999,5,0,120,1
8,198.8099,222.5213,1.649998,5,0,120,1
9,203,223,1.65,0,0,420,1
98,195,214.5,1.65,0,0,420,1
7,205,216.5,1.390145,-25,0,540,1
10,205.5,208.5,1.65,0,0,1230,1
5,201.5,219.5,1.65,-5,0,120,1
32,200.0213,210.1845,0.9155685,-5,0,-270,1
20,197.5,212.5,1.65,0,0,750,1
20,194.6884,211.9974,3.000001,0,0,-360,1
20,192.7835,212.987,3,-60,0,-150,1
20,192.1373,211.2359,3.000001,-60,0,-150,1
21,194.3449,212.9725,3,-60,0,-150,1
20,203.424,219.2902,2.827725,-20,0,240,1
7,205.7993,208.4057,1.650006,-10,0,720,1
20,208,223.5,1.65,0,0,480,1
4,192.4758,238.7558,1.65,-30,0,0,1
4,192.334,238.8155,1.65,25,0,0,1
4,200.9887,235.8615,1.789779,25,0,0,1
5,196.5,229.5,1.65,5,0,0,1
8,198.5828,235.2617,1.757291,5,0,120,1
8,194.5,233.5,1.65,0,0,120,1
8,196,239.5,1.953474,0,0,420,1
9,202,239,1.899305,0,0,420,1
9,202,226.5,1.65,0,0,360,1
5,198.5,231.5,1.65,-5,0,120,1
5,192.5,234.5,1.65,5,0,0,1
4,192.5,238.5,1.65,0,0,0,1
5,193.5,227.5,1.65,5,0,0,1
20,200,231.5,1.65,5,0,0,1
20,200.7075,224.6353,3.000001,0,0,-360,1
20,193.6991,226.9236,2.827725,-20,0,240,1
20,196.5934,229.3362,2.827724,-20,0,240,1
20,207.6544,236.2277,1.664999,5,0,0,1
4,199.5,240.5,2.248827,0,0,120,1
4,201.5,245.5,2.044576,0,0,0,1
0,203,248.5,2.119375,0,0,1530,1
0,196.5,248,2.674103,0,0,1470,1
1,206,248.5,2.550557,0,0,1320,1
1,199,248.5,2.762729,0,0,1320,1
9,217.5604,12.37234,1.301077,0,0,4020,1
24,211.5,10,1.65,5,0,1230,1
24,217.5,10.5,1.66936,5,0,1230,1
97,218.7218,14.27448,1.65,-5,0,420,1
20,217.1309,17.13717,2.827724,-20,0,240,1
20,220.3908,27.65686,2.827725,-20,0,240,1
9,215.074,29.10878,1.301078,0,0,4020,1
9,219.2141,22.885,1.397428,0,0,4020,1
9,217.3278,26.40041,1.301077,0,0,4020,1
9,213.112,17.06645,1.301077,0,0,3960,1
24,214,21,1.65,5,0,1230,1
24,223.5,18,1.650061,5,0,1380,1
24,210,27.5,1.65,5,0,1380,1
32,216.5,18,1.708664,-10,0,-1050,1
31,215,17.5,1.902462,-10,0,-1410,1
20,210.7498,38.64799,2.827725,-20,0,240,1
20,221.6683,41.40198,1.7156,-20,0,240,1
20,219.2349,41.12802,2.485027,-20,0,240,1
9,208.6578,36.80598,1.301078,0,0,3990,1
9,215.1492,37.84705,1.301078,0,0,3990,1
24,210,43.5,1.65,5,0,1380,1
20,218.5535,60.46179,2.827724,-20,0,240,1
9,212.3752,48.48102,1.301078,0,0,3990,1
9,221.6296,57.73774,1.301078,0,0,4050,1
8,210.5,55,1.65,0,0,3480,1
20,212.477,74.76292,2.90923,-20,0,240,1
20,216.9588,72.73019,3.101588,-20,0,240,1
8,212.5,73.5,1.722491,0,0,3480,1
69,216.6802,77.12973,-2.101703,0,0,90,1
51,222.7898,71.57718,4.109951,-5,0,0,1
51,216.5773,78.5096,3.809045,-5,0,120,1
51,216.5993,75.5986,3.815165,-5,0,120,1
52,221.5,77.5,3.020836,0,0,0,1
34,221.5,77.5,3.00662,0,0,120,1.24
31,215.3152,73.15928,1.3971,0,0,-240,1
12,213.5,75,1.825337,0,0,120,0.7600002
12,213.5,79,1.955723,0,0,-30,1
8,216.5,76,2.575833,0,0,60,1
6,223.5,77.5,2.826774,0,0,30,0.4000004
6,219.5,78.5,2.884338,0,0,30,0.4800005
6,219.5,76.5,2.843029,0,0,30,0.4800005
6,221.5,75.5,2.823662,0,0,180,0.4600005
6,221.5,79.5,2.988002,5,0,180,0.5200005
108,216.5,74.5,2.671993,0,0,60,0.7000003
20,214.4718,83.19794,3.049205,-20,0,240,1
8,221,90.5,1.854465,0,0,3480,1
8,211.5,82.5,1.695633,0,0,3480,1
51,223.8946,85.59447,4.256368,-5,0,0,1
98,213,82,1.821284,0,0,60,1
32,210.5,136.5,1.65,5,0,1860,1.42
33,211,135,1.65,5,0,1860,1
2,219.5,137.5,1.695426,0,0,930,1
6,223.5,137.5,1.68,0,0,1650,0.5600004
25,210,134.5,1.649999,30,0,2850,1
25,209.5,138,1.65,30,0,2940,1
25,212.5,143,1.761865,30,0,2910,1
25,212,141,1.716728,30,0,2910,1
25,218,136.5,1.732217,30,0,2910,1
25,219.5,142,1.816058,30,0,2910,1
26,220,138,1.70174,30,0,2910,1
26,221,137.5,1.686863,30,0,2910,1
99,209,143,1.65,0,0,870,1
133,219.5,136.5,1.68,0,0,-360,1
133,210.5,142.5,1.65,0,0,-990,1
33,209,150.5,1.65,5,0,1860,1
33,213.5,153,1.65,5,0,1860,1
33,209,145,1.649999,5,0,1800,1
109,212,151.5,1.65,0,0,690,0.5200005
2,218.5,151.5,1.946882,0,0,210,1
2,221.5,150.5,1.895678,0,0,510,1
3,215.5,147,1.938388,0,0,930,1
6,216.5,145.5,1.914635,0,0,1650,0.4400004
24,213,156,1.65,30,0,2730,1
25,216,158,1.65,30,0,2940,1
25,215.5,150.5,1.92478,30,0,2940,1
25,213.5,151,1.811086,30,0,2940,1
25,214.5,144.5,1.848379,30,0,2940,1
25,213,154,1.65,30,0,3000,1
26,220,150.5,1.941929,30,0,2910,1
44,210.5494,151.9801,1.65,-5,0,1980,0.7200003
44,209.5506,147.0205,1.65,5,0,1800,0.7000003
34,211.5455,146.5408,1.650001,5,0,1800,1
52,211.5381,146.5333,1.46183,0,0,1620,1
22,211,163,1.65,30,0,1650,1
22,208.5,172.5,1.65,30,0,1650,1
22,211,166,1.657206,30,0,1710,1
22,215.5,161.5,1.65,30,0,1710,1
22,214.5,171.5,1.677041,30,0,1710,1
22,217,166,1.65,30,0,1530,1
22,217.5,175,1.71,30,0,1530,1
24,209,165.5,1.65,30,0,2670,1
9,218.5853,164.0562,1.301078,-10,0,3540,1
6,222.5,166.5,1.65,0,0,0,0.5600004
6,221.5,170.5,1.68,0,0,0,0.6000004
7,219.5,174.5,1.695,-5,0,-510,1
8,219.5,174.5,1.697814,-10,0,-510,1
23,209.5,176,1.662734,30,0,2220,1
22,217,179,1.695,30,0,1530,1
22,214,186.5,1.650916,30,0,1530,1
22,211,189.5,1.655351,30,0,1710,1
22,216.5,191,1.918548,30,0,2100,1
22,217.5,188,1.788873,30,0,2100,1
22,218,182.5,1.665,30,0,2220,1
22,210.5,182.5,1.65,30,0,2220,1
22,210.5,178.5,1.664839,30,0,2220,1
20,208.7777,184.9098,2.827724,-20,0,240,1
9,221.6789,182.5039,1.323636,0,0,3900,1
6,223.5,180.5,1.833156,-5,0,-510,0.4400004
9,221.5,176.5,1.765223,-10,0,-510,1
5,223.5442,180.2617,2.162402,90,0,-1080,1
5,223.5,190,1.692311,-10,0,-870,0.5600004
31,217,205,1.677139,5,0,780,1
32,218.5,206,1.660083,5,0,1140,1
22,209.5,193,1.66699,30,0,1710,1
22,210.5,206.5,1.65,30,0,1770,1
22,214.5,200,1.813078,30,0,1770,1
22,209,199.5,1.670952,30,0,1860,1
22,216,195,2.044481,30,0,1950,1
22,214.5,197.5,1.887105,30,0,2040,1
24,215,205.5,1.665,-25,0,780,1
9,217.7898,207.1204,1.301078,0,0,3960,1
9,214.7932,202.9763,1.358687,0,0,3960,1
4,223.5,203.5,1.65,0,0,0,1
5,217,206,1.659731,0,0,0,1
3,222.5,196.5,1.587143,-10,0,-1050,0.4800005
3,222.5,192.5,1.694797,-10,0,-870,0.7600002
20,210,217.5,0.2250003,0,0,480,1
20,209.5,220,1.65,0,0,480,1
20,209.9985,212.0656,1.475,30,0,1440,1
25,208.5,210,1.65,-25,0,660,1
24,209.5,209,1.65,-25,0,600,1
31,209.4624,219.6826,0.09764473,-5,0,-240,1
32,209.1369,221.6718,1.65,0,0,780,1
20,210.4456,221.2147,1.671018,50,0,780,1
23,210.5,221.5,1.65,50,0,780,1
9,216.7603,214.9638,1.301077,0,0,3960,1
9,211.8552,208.9864,1.301077,0,0,3960,1
9,218.9199,221.2817,1.301078,0,0,3960,1
9,209,228,1.65,0,0,420,1
9,213,231,1.65,0,0,360,1
9,220.5,237,1.655245,0,0,360,1
20,210.5,225,1.65,0,0,360,1
20,213.5,229.5,1.65,0,0,360,1
20,213.5,239,1.69431,0,0,360,1
20,216.5,232.5,1.65,0,0,360,1
20,223,237,1.652626,0,0,360,1
33,219.5,233.5,1.65,0,0,0,1
31,217.8933,229.878,0.1249954,5,0,-270,1
32,218.1363,230.8018,1.717656,-5,0,-270,1
30,219.992,231.4145,-0.03300858,-5,0,-270,1
32,214.6312,226.6445,0.7017773,-5,0,-270,1
20,208.1766,229.7247,2.549999,5,0,120,1
24,219.5,232,1.65,5,0,1470,1
24,219,232,1.65,20,0,1530,1
20,212.5536,238.9665,3.69342,0,0,-360,1
9,223,246,1.907087,0,0,360,1
9,210,240.5,1.704811,0,0,480,1
4,208.5,244.5,1.822845,0,0,0,1
0,210,249,2.349341,0,0,1530,1
1,221.5,248.5,2.798313,0,0,1380,1
0,218.5,248.5,2.888021,0,0,1530,1
20,221.6779,246.7797,3.601291,0,0,-360,1
20,220.3088,241.4144,3.087432,0,0,-360,1
58,222.9311,243.2649,2.054684,95,0,2280,1
9,211.6421,244.0829,2.295933,0,0,570,1
26,212.5,246,2.780707,0,0,1320,1
30,210,241.5,2.663884,0,0,1170,1
97,212.7834,240.8749,2.271032,0,0,1140,1
40,212.5354,245.4095,2.242466,0,0,1170,1
40,212.3041,247.6578,2.450297,0,0,1170,1
40,218.5448,246.3727,2.231103,0,0,1080,1
20,234.0781,6.946923,2.796883,-20,0,240,1
24,235.5,10,1.65,5,0,1380,1
81,237.3983,15.72896,1.593374,365,0,2740,1
81,235.5183,15.23316,1.583907,365,0,2710,1
81,233.5656,15.08002,1.573866,365,0,2700,1
81,231.4332,15.29384,1.573866,365,0,2700,1
81,229.478,15.20409,1.583906,365,0,2700,1
81,227.5575,14.93927,1.59914,365,0,2700,1
81,225.4814,15.27285,1.568195,365,0,2680,1
81,228.5403,10.60307,1.545285,365,0,2700,1
81,226.46,10.66068,1.545285,365,0,2700,1
81,224.8749,9.961423,1.515515,365,0,2760,1
81,230.7049,10.53272,1.545285,365,0,2700,1
81,232.9978,10.38825,1.545284,365,0,2700,1
81,235.1676,10.36183,1.545285,365,0,2700,1
81,237.1392,10.36888,1.545285,365,0,2700,1
81,239.1853,10.4264,1.545286,365,0,2710,1
90,224.7154,15.29785,1.650001,360,0,2790,1
90,224.9607,11.08119,1.650002,360,0,2790,1
50,229.75,14.84941,1.653647,0,0,0,1
50,230.8104,10.67215,1.649801,0,0,0,1
20,226.1144,8.671715,2.775047,-20,0,240,1
50,237.0144,10.73169,1.649801,0,0,0,1
50,235.7528,14.9222,1.559252,0,0,0,1
20,232.3022,16.43349,2.827725,-20,0,240,1
20,233.7034,28.99495,2.827497,-20,0,240,1
24,237,17.5,1.729158,5,0,1380,1
77,239.3684,18.00337,1.799377,0,0,50,1
77,239.3453,18.27944,4.005161,0,0,50,1
31,234.554,16.86028,1.23066,-10,0,-1270,1
81,224.1019,16.40614,1.568196,365,0,2650,1
20,235.4952,45.55952,2.827725,-20,0,240,1
20,233.5313,32.86886,2.827725,-20,0,240,1
9,230.8394,36.34858,1.301078,0,0,3990,1
20,233.9501,60.15296,2.827725,-20,0,240,1
20,236.5663,53.01395,2.827725,-20,0,240,1
20,225.7743,50.02927,2.827725,-20,0,240,1
20,226.9075,60.15271,2.827725,-20,0,240,1
9,236.8721,48.64316,1.301077,0,0,3990,1
24,226.5,54.5,1.65,5,0,1380,1
20,224.6401,66.94511,2.870255,-20,0,240,1
20,233.1277,75.10675,2.958262,-20,0,240,1
9,231,66.5,1.65,0,0,3480,1
24,236.5,68,1.65,5,0,1380,1
69,224.2444,71.49091,-1.823237,0,0,180,1
69,230.5423,75.95999,-1.8454,0,0,90,1
51,230.4905,77.341,4.171752,-5,0,90,1
51,230.4115,74.48745,4.081053,-5,0,90,1
51,225.7093,71.59438,4.071305,-5,0,0,1
34,226.5,77.5,2.808139,0,0,0,1.16
33,226.5,77.5,2.809432,0,0,60,1
6,225.5,79.5,2.74102,0,0,30,0.4000004
6,227.5,75.5,2.822774,0,0,30,0.3000004
6,225.5,75.5,2.799629,0,0,180,0.4600005
6,227.5,78.5,2.738275,0,0,210,0.4200004
52,226.5,77.5,2.812051,0,0,90,1
58,225.5,71,2.705569,0,0,90,1
58,224.5,71,2.809418,0,0,0,1
24,235,80,1.694908,5,0,1380,1
20,225.7953,82.46181,3.905787,-20,0,240,1
20,228.2997,89.22796,2.913476,-20,0,240,1
9,237.2989,85.56791,1.301077,0,0,3990,1
8,231.5,93.5,1.65,0,0,3480,1
24,239,92,1.65,5,0,1320,1.34
69,225.3022,85.5134,-1.629598,0,0,180,1
24,230.9032,84.59423,1.809502,5,0,1380,1
51,226.7618,85.65021,4.221884,-5,0,0,1
12,225.5,88.5,1.983406,0,0,60,1
9,238.7545,110.8104,1.301077,0,0,3990,1
31,238.7712,125.991,0.6615113,35,0,-990,0.8000002
2,237.5,126,1.599783,0,0,-870,1
4,236.5,122.5,1.65,-15,0,540,1
9,230.6221,127.7582,1.301077,0,0,3990,1
24,235.5,117.5,1.65568,5,0,1410,1
24,237.5,121.5,1.649999,5,0,1410,1
24,237.5,125.5,1.576096,5,0,1410,1
31,237.5,127,1.61936,355,0,1530,1
2,224.5,139.5,1.68,0,0,930,1
2,226.5,143.5,1.696868,0,0,930,1
3,232.5,137.5,1.65,0,0,930,1
3,233.5,143.5,1.65,0,0,810,1
4,233.5,143,1.65,-10,0,1260,1
30,238.2261,134.3424,0.6365638,35,0,-1020,1
2,226,131.5,1.65,0,0,-870,1
3,238.5,135.5,1.327219,-15,0,540,1
9,231.9279,136.8547,1.301077,0,0,3990,1
24,237,128.5,1.667118,5,0,1410,1
24,237.5,133,1.673455,5,0,1410,1
24,238.5,137,1.648984,5,0,1410,1
24,234,144,1.65,5,0,1410,1
2,225.5,147.5,1.74871,0,0,930,1
3,229.5,150.5,1.652488,0,0,1200,0.7800002
4,229.5,145.5,1.666227,-10,0,1260,1
9,236.4256,151.4981,1.301078,-10,0,3540,1
9,235.0351,147.9636,1.301077,0,0,3990,1
9,239.0449,159.9431,1.301078,0,0,3990,1
24,234,157.5,1.65,5,0,1410,1
8,234,153.5,1.722451,0,0,0,1
9,231.5,154,1.785875,0,0,0,1
20,232,152,1.681653,0,0,0,1
4,225.5,148,1.745433,0,0,0,1
9,236.9701,169.2107,1.301078,0,0,3990,1
24,236,166.5,1.65,5,0,1470,1
5,231.5,171.5,1.65,0,0,0,1
5,236.5,170.5,1.654331,0,0,0,0.8000002
5,233.5,175.5,1.677196,0,0,0,0.7800002
5,224.5,172.5,1.662052,0,0,0,0.6800003
6,227.5,172.5,1.649999,0,0,0,0.7000003
6,228.5,168.5,1.65,0,0,0,0.5800004
6,224.5,170.5,1.665,0,0,0,0.3400004
6,231.5,165.5,1.65,0,0,0,0.5000005
6,224.5,163.5,1.65,0,0,0,0.4400004
8,228,167,1.65,-10,0,-510,1
9,237.4485,178.7426,1.301078,-10,0,3630,1
9,237.7252,183.0341,1.301078,0,0,3900,1
9,231.2425,183.446,1.301078,0,0,3900,1
9,225.2748,188.3181,1.301077,0,0,3900,1
24,237.5,181,1.65,5,0,1470,1
24,234.5,191,1.656285,5,0,1470,1
5,237.5,182.5,1.878617,0,0,0,1
5,228.5,178.5,1.902372,0,0,0,0.7600002
9,231,180.5,1.990699,-10,0,-690,1
5,229.5,190.5,1.966597,-10,0,-870,0.6800003
31,231.5,205.5,1.65,5,0,1170,1
32,231,204,1.65,5,0,1470,1
9,233.6864,192.6076,1.305781,-10,0,3630,1
9,237.5518,201.0323,1.301078,-10,0,3630,1
9,232.7832,204.4477,1.301077,0,0,3990,1
24,233,203,1.65,5,0,1470,1
4,226.5,198.5,1.649999,5,0,240,1
4,230,204,1.65,0,0,0,1
4,226.3486,199.4042,-6.103515E-07,0,0,0,1
4,227.0554,198.2498,-1.525879E-07,0,0,0,1
5,230.5,206.5,1.65,0,0,0,1
3,225.5,192.5,2.009916,80,0,-1350,0.5800004
4,225.5,193.5,2.050235,-10,0,-1440,1
31,228,213.5,1.65,5,0,1140,0.5800004
9,235.8326,210.9998,1.301077,0,0,3840,1
9,230.6395,211.2671,1.301077,0,0,3990,1
9,224.7849,221.4074,1.301077,0,0,3930,1
9,225.3272,215.0917,1.301077,0,0,3930,1
9,238.3856,215.0525,1.301077,0,0,3900,1
9,232.3089,218.3491,1.301077,0,0,4050,1
24,236,212,1.65,5,0,1470,1
24,237.5,221.5,1.649999,5,0,1470,1
5,235.5,211.5,1.65,0,0,0,1
85,229,239,1.65,0,0,270,1
85,233,239,1.65,0,0,270,1
85,237,239,1.65,0,0,270,1
20,227.2665,237.2532,2.24,-30,0,-90,1
20,226.2197,236.7495,2.228295,-30,0,-90,1
9,232.7249,226.1939,1.301077,0,0,3900,1
85,228.986,240.8638,1.660917,0,0,450,1
85,232.9438,240.9215,1.649524,0,0,450,1
85,236.9363,240.947,1.649999,0,0,450,1
20,226.5,246,1.773778,0,0,360,1
90,226.5,242.5,1.695,0,0,-720,1
99,226.5,245.5,1.753146,0,0,690,1
0,231.5,249,1.702408,0,0,1530,1
0,225.5,249,2.011802,0,0,1530,1
1,228.5,249,1.787705,0,0,1380,1
20,228.1873,246.5846,3.301727,-30,0,-90,1
20,228.2794,242.4408,1.839065,0,0,-360,1
20,228.7627,243.7939,3.030469,0,0,-360,1
20,224.6942,246.111,3.187088,0,0,-360,1
20,230.5046,245.7963,2.997713,0,0,-360,1
58,226,242,1.695,0,0,1980,1
58,224.5,243.5,1.749243,0,0,1980,1
58,226.56,241.4053,1.671088,0,0,2070,1
58,224.5996,242.3503,1.707337,0,0,2130,1
60,239.3442,243.6383,0.2249999,0,0,60,1
90,237.5621,241.2435,1.652952,0,0,360,1
90,233.4672,240.9887,2,0,0,360,1
90,229.1342,240.9194,2.011778,0,0,360,1
20,242.7735,9.730243,2.715533,-20,0,240,1
24,242.5,12,1.642798,5,0,1230,1
24,244,13.5,1.65,5,0,1290,1
69,240.8687,14.97257,1.624415,0,0,-40,1
69,242.513,12.36492,-3.062036,0,0,50,1
77,244.0737,14.86237,1.65,0,0,50,1
77,243.855,15.05296,3.9,0,0,50,1
31,244.5746,13.84593,0.8815741,-10,0,-1330,1
81,240.82,11.29419,1.545285,365,0,2750,1
24,244.5,16.5,1.65,5,0,1230,1
77,245.856,17.01839,1.636911,0,0,50,1
77,245.6466,17.21375,3.891193,0,0,50,1
24,245,17,1.649182,5,0,1380,1.52
77,241.4983,19.73974,1.799377,0,0,50,1
77,241.2455,19.81396,4.239703,0,0,50,1
20,241.811,37.49178,2.827725,-20,0,240,1
20,245.6666,48.06541,2.827725,-20,0,240,1
20,241.8253,63.07926,2.836046,-20,0,240,1
9,245.6553,95.89589,1.301077,0,0,3990,1
24,243.5,89,1.65,5,0,1320,1
33,247.6269,82.91173,0.2503376,0,0,0,1
31,246.7144,82.33021,0.1297832,0,0,90,1
30,246.6424,88.57502,0.3101951,0,0,90,1
33,245.5,88.5,1.646593,0,0,90,1
33,247,86.5,0.2836341,0,0,390,0.9200001
33,247.5,83.5,0.2406591,0,0,480,0.7400002
33,246.5,83.5,0.5017536,0,0,480,1
33,245.5,81.5,1.887642,0,0,480,1
24,244,105.5,1.65,5,0,1320,1
24,244.5,114,1.65,5,0,1320,1
30,241.5458,143.9349,0.2160628,-5,0,540,1
24,246,152.5,1.65,5,0,1410,1
9,243.2043,167.6742,1.301077,-10,0,3540,1
9,244.9341,177.7452,1.301078,0,0,3990,1
9,243.2379,187.965,1.301077,0,0,4050,1
24,244,182,1.649999,5,0,1470,1
5,242.5,190.5,1.755513,0,0,0,1
5,241,199.5,1.186433,0,0,0,1
5,243,197.5,1.65,0,0,0,1
5,242.5,195.5,1.871163,0,0,0,1
30,244.6763,194.9119,0.02677696,-5,0,540,1
32,243,220,1.65,5,0,1470,1
9,243.0246,217.8841,1.301077,0,0,3900,1
9,240.7087,208.3195,1.301077,0,0,3900,1
31,244.3768,210.571,-0.1403448,-5,0,450,1
60,243.7116,236.5777,0.02499962,0,0,-60,1
