Header: 0
Map Number: 75
Object Count: 112
Type,PositionX,PositionY,PositionZ,AngleX,AngleY,AngleZ,Scale
110,30.12515,195.9843,-9.945169,0,0,0,1
64,61.94852,186.5243,2.854996,0,0,225,1.579999
102,61.28651,183.7683,2.895001,0,0,97,1.52
102,61.39863,181.0815,2.895001,0,0,80,1.52
14,59.98935,185.6938,2.834997,0,0,100,1.659999
49,57.34117,189.5157,2.255,0,0,-262,1.44
98,57.84953,183.2458,2.813405,0,0,96,1.579999
98,58.54469,176.6287,2.813406,0,0,96,1.579999
129,50.97958,189.3692,4.173584,0,0,0,1.579999
79,59.67606,185.7044,9.060168,0,0,0,1.829999
110,56.75703,189.4013,2.843872,0,0,98,1
110,56.75703,189.4013,5.793872,0,0,98,1
102,59.64494,195.9178,2.895001,0,0,101,1.52
102,59.20161,198.9495,2.895,0,0,101,1.52
102,57.69122,202.1745,2.895,0,0,121,1.52
124,61.45028,195.843,4.935,0,0,60,0.7200003
124,60.96929,198.7054,4.935,0,0,60,0.7200003
14,59.78806,192.5647,2.834352,0,0,100,1.619999
29,60.95182,197.3928,2.835,0,0,-100,1
102,59.32879,198.0007,2.895001,0,0,101,1.52
102,59.80464,195.1604,2.895001,0,0,101,1.52
102,58.01627,201.4532,2.895,0,0,121,1.52
5,63.88768,202.6394,2.835,0,0,40,1.579999
79,59.4558,192.647,9.300959,0,0,0,1.829999
98,56.52044,195.4903,2.813405,0,0,96,1.579999
98,55.92655,202.0844,2.813407,0,0,96,1.579999
64,61.82484,192.4495,2.854999,0,0,135,1.539999
5,63.88768,202.6394,2.835,0,0,40,1.579999
129,50.51657,198.6706,9.518948,0,0,0,2.519999
98,58.16866,207.4426,2.813407,0,0,40,1.579999
132,55.53509,208.6649,3.335,0,0,0,1
129,58.82692,215.1955,9.418948,40,0,0,2.779998
129,52.4386,208.1665,9.008949,0,0,0,2.559999
102,76.23617,186.4303,1.695,0,0,139,1.5
121,72.98778,191.3921,2.395,0,0,110,1.879999
121,74.25412,187.5322,2.345,0,0,110,1.879999
121,75.19443,190.8186,1.695,0,0,110,1.879999
121,78.98318,185.4415,1.695,0,0,150,1.879999
121,75.95474,188.7845,1.695,0,0,110,1.879999
121,77.70432,183.7987,2.333039,0,0,150,1.879999
111,77.42701,187.8912,1.694999,1,0,134,0.7200003
103,74.73215,184.7814,6.945,0,0,52,1.24
14,77.30659,187.65,1.510849,0,0,143,1
132,77.23518,187.5826,5.184058,0,0,-60,0.8600001
5,69.32107,191.3958,2.987977,0,0,110,1.34
5,64.37865,188.0644,2.987977,0,0,90,1.4
5,79.08041,188.4115,1.547977,0,0,420,1.12
5,76.26558,191.7901,1.547978,0,0,420,1.12
102,73.32613,193.1765,1.695,0,0,90,1.5
126,70.5,205.5,1.695,0,0,0,1
102,76.32725,200.2133,1.695,0,0,42,1.5
121,74.98049,195.9003,1.695,0,0,70,1.879999
103,74.8367,201.8343,6.980759,0,0,-49,1.24
103,71.05674,193.0607,6.945,0,0,-2,1.24
121,73.12529,195.7231,2.375,0,0,70,1.879999
121,77.06628,201.9554,2.345,0,0,20,1.879999
121,74.18787,198.8082,2.375,0,0,70,1.879999
121,75.9949,198.7179,1.695,0,0,70,1.879999
121,78.28126,200.2042,1.695,0,0,22,1.879999
111,77.60855,198.7206,1.694999,0,0,46,0.7200003
38,73.38675,206.7235,2.835,0,0,-150,1
38,73.38675,206.7235,7.835,0,0,-150,1
106,75.87733,205.9715,3.21627,0,0,0,1
106,71.45172,205.4641,3.161414,0,0,190,1.22
132,72.75082,205.0539,3.223265,0,0,0,1
29,64.09492,198.0954,2.835,0,0,0,1
34,69.87796,205.6103,2.861694,0,0,0,0.7800002
14,74.89531,193.1398,1.695,0,0,93,1
14,77.40675,199.0196,1.546762,0,0,43,1
79,77.38533,199.0532,5.372933,0,0,0,1.17
79,74.83298,193.1277,5.419696,0,0,0,1.13
5,66.26162,198.8587,2.835,0,0,90,1.539999
5,67.22324,196.7807,2.835,0,0,100,1.36
5,76.96621,197.7489,1.547977,0,0,90,1.4
5,71.41196,192.0507,2.987977,0,0,90,1.4
5,69.32997,202.4759,2.834999,0,0,30,1.599999
5,74.70136,205.5019,2.839025,0,0,30,1.599999
5,76.28494,195.1539,1.547979,0,0,80,1.12
111,75.23457,193.1272,1.694999,0,0,94,0.7200003
38,69.15923,207.8748,2.835,0,0,-240,1
38,69.15923,207.8748,7.835,0,0,-240,1
96,78.21665,205.8478,2.904778,0,0,50,2.379999
97,67.01433,204.0236,2.795161,0,0,-10,1.979999
5,67.16222,202.9297,2.834999,0,0,90,1.599999
5,67.1509,201.3054,2.835,0,0,50,1.599999
5,66.35928,202.3463,2.834999,0,0,50,1.28
5,64.2638,201.1644,2.834999,0,0,50,1.799999
5,64.83428,202.8464,2.834999,0,0,50,1.679999
97,63.12347,203.3347,2.79516,0,0,60,2.139999
96,77.09433,208.0317,2.694999,0,0,170,2.119999
98,64.03913,210.2232,2.813408,0,0,13,1.579999
5,82.57969,187.9106,1.547978,0,0,90,1.4
5,84.79178,188.3854,1.547978,0,0,420,1.12
121,82.33905,181.1217,2.333039,0,0,150,1.879999
121,83.64561,182.7681,1.695,0,0,150,1.879999
97,84.50974,186.2137,1.945573,-2,-350,61,1.42
126,85.5,192.5,1.695,0,0,0,1
126,84.5,192.5,1.695,0,0,0,1
126,84.5,192.5,1.695001,0,0,0,1
102,83.03067,203.0158,1.695,0,0,0,1.5
121,85.31204,201.2346,1.695,0,0,-20,1.879999
121,85.33675,203.3304,2.395,0,0,-20,1.879999
121,80.79141,201.204,1.695,0,0,22,1.879999
121,87.22519,200.5443,1.695,0,0,-20,1.879999
121,80.41606,203.0994,2.345,0,0,20,1.879999
121,89.39311,201.8217,2.395,0,0,-20,1.879999
111,83.09217,201.3495,1.47222,0,0,-3,0.7200003
103,82.98548,205.266,5.946333,0,0,-92,1.24
11,84.5,194.5,1.695,0,0,100,1.46
14,83.00279,201.445,1.451997,0,0,-10,1
79,83.0797,201.2828,5.565988,0,0,0,1.17
97,87.65379,198.2252,2.138137,-22,-350,-128,1.679999
